0	112	111	274.8360568	171.3079109	1
1	112	99	271.4515473	170.0814214	1
2	99	94	271.4298982	169.3575214	1
3	111	110	279.5896668	171.2766681	1
4	94	93	274.8360568	168.26226	1
5	94	88	271.4465564	167.2361172	1
6	88	87	271.4388187	166.5122172	1
7	87	86	274.8360568	165.3203087	1
8	86	110	279.5896668	165.2794811	1
9	93	110	279.5896668	168.2875152	1
10	110	109	285.1754354	170.1046924	1
11	109	106	289.9361128	170.80969	1
12	107	92	292.854841	168.4612287	1
13	106	92	291.1444224	168.4612287	1
14	109	92	289.9361128	168.0641808	1
15	99	100	274.8360568	169.6815126	1
16	88	89	274.8360568	166.8896401	1
17	67	46	275.7061535	159.859264	1
18	43	46	274.6469464	159.3517332	1
19	42	46	274.6349048	158.4672547	1
20	46	45	276.7756528	158.9896312	1
21	71	45	277.243044	159.859264	1
22	46	34	276.4309728	157.9547344	1
23	33	34	275.8162322	157.5273482	1
24	32	33	274.6349048	157.6476147	1
25	34	20	276.3546656	156.4640713	1
26	32	26	273.3687015	157.2731127	1
27	32	25	273.8523371	157.2731127	1
28	32	24	274.3187398	157.2731127	1
29	54	96	273.3572328	155.6336543	1
30	22	96	273.8272231	155.6336543	1
31	21	96	274.3940818	155.6336543	1
32	96	20	274.6349048	155.2656354	1
33	53	36	276.7756528	151.9263784	1
34	52	36	276.7756528	149.7648017	1
35	36	7	277.9309723	149.4613926	1
36	121	7	276.7756528	148.1709859	1
37	7	120	277.5394314	147.3619517	1
38	7	5	278.8782941	148.5015116	1
39	121	120	276.7756528	144.9268091	1
40	5	119	279.287098	147.3619517	1
41	6	51	281.3355205	147.3617031	1
42	5	6	280.8751373	148.3878976	1
43	5	36	279.9910874	149.4598518	1
44	36	10	280.8751373	149.8550454	1
45	36	17	280.8751373	152.0115709	1
46	45	36	278.9262652	157.9647447	1
47	45	44	280.8743146	159.0084456	1
48	70	45	279.2154739	159.859264	1
49	69	44	281.3267152	159.859264	1
50	68	44	283.3693239	159.859264	1
51	44	47	285.1754354	158.8915872	1
52	40	27	281.236308	157.3629226	1
53	39	27	281.8112259	157.3629226	1
54	38	27	282.3001748	157.3629226	1
55	37	27	282.8133026	157.3629226	1
56	36	27	280.8751373	156.1850044	1
57	41	97	285.1783408	156.1826799	1
58	16	15	285.1783408	153.8193911	1
59	13	15	285.1783408	151.9773765	1
60	4	50	285.5551342	147.3619517	1
61	6	4	285.1783408	148.4721836	1
62	9	15	285.1783408	149.8234626	1
63	15	4	286.6412896	149.4104836	1
64	4	2	289.2243755	148.3992874	1
65	15	97	286.8982148	154.5202397	1
66	95	97	288.8921147	154.5202397	1
67	31	23	289.8978893	157.0351086	1
68	29	23	293.0077947	157.0351086	1
69	30	23	291.5500265	157.0351086	1
70	2	1	291.8543164	147.3619517	1
71	2	3	293.6292536	148.6367653	1
72	47	97	287.2655415	157.7064675	1
73	66	47	287.3149241	159.9617031	1
74	66	65	289.2243755	162.114166	1
75	47	56	289.2243755	158.8286308	1
76	81	65	291.4928849	164.0538913	1
77	65	64	293.6292536	162.0834601	1
78	56	57	293.6292536	158.5829833	1
79	65	56	291.3700037	159.9617031	1
80	64	57	295.824447	159.9617031	1
81	57	28	295.820937	157.7064675	1
82	28	12	296.2290766	152.6304091	1
83	12	3	295.7968539	149.4104836	1
84	3	1	295.7581142	147.3617031	1
85	49	1	289.3768146	145.6249624	1
86	48	1	289.3768146	144.911676	1
87	81	64	296.0253057	164.0538913	1
88	64	61	297.6755951	161.2869947	1
89	92	90	290.7604948	167.5597305	1
90	109	90	289.9361128	167.0516347	1
91	92	90	292.319353	167.5597305	1
92	109	80	287.5807954	166.3625207	1
93	110	80	285.1754354	165.8911948	1
94	107	98	293.5770954	169.3236146	1
95	103	98	293.8991302	169.8470689	1
96	102	98	294.4189015	169.8470689	1
97	101	98	294.8997782	169.8470689	1
98	98	104	295.1826364	168.7898723	1
99	108	104	296.0659195	170.4567566	1
100	105	82	299.9202621	166.3625207	1
101	81	82	297.6881425	165.2378124	1
102	82	83	301.8755951	165.2785291	1
103	82	77	298.4559083	164.170902	1
104	83	76	302.3351127	164.170902	1
105	57	60	297.6755951	158.3001032	1
106	28	35	297.6755951	156.1955361	1
107	28	18	297.6755951	154.0072926	1
108	12	14	297.6243755	151.8939649	1
109	12	8	297.6243755	149.7376854	1
110	126	12	294.0708485	152.6304091	1
111	3	122	297.6755951	148.366287	1
112	1	113	297.6755951	144.8888859	1
113	1	114	297.6755951	145.6305071	1
114	122	115	301.4826119	147.3617031	1
115	122	116	303.6896374	147.3617031	1
116	122	117	305.720417	147.3617031	1
117	11	122	305.7849739	149.4617031	1
118	122	123	306.1780341	148.4973864	1
119	127	123	307.2495476	149.4617031	1
120	123	118	307.8213732	147.3617031	1
121	127	124	308.2780341	151.1288023	1
122	127	125	308.2780341	151.993813	1
123	127	128	308.2780341	156.1679262	1
124	62	127	307.2388289	159.9617031	1
125	62	129	308.2780341	160.4370105	1
126	61	62	306.1780341	161.0802377	1
127	78	62	307.3106948	162.1623639	1
128	63	61	305.824514	162.1623639	1
129	75	63	304.3838259	163.5854836	1
130	74	63	304.9196073	163.5854836	1
131	73	63	305.4196702	163.5854836	1
132	72	63	305.9126168	163.5854836	1
133	83	84	304.0711473	165.2547558	1
134	132	83	302.3311404	166.3641421	1
135	91	84	305.0843264	166.3641421	1
136	84	85	306.0755951	165.29222	1
137	133	91	305.0743736	168.3617031	1
138	131	85	307.8703877	166.3641421	1
139	85	78	307.2071286	164.170902	1
140	85	130	308.2780341	164.5858331	1
141	58	127	306.1780341	156.1911156	1
142	19	127	306.1780341	151.9008407	1
143	80	79	287.1429931	165.3694953	1
144	79	66	287.1425476	164.0538913	1