0	0	592.3903358	16272.1217	6592.115204	19774.94397	1
1	0	1201.634951	19774.94397	6592.115204	23774.93334	1
2	0	1897.227144	23774.93334	6592.115204	27774.79295	1
3	0	592.7278597	34775.80535	6592.115204	40275.26909	1
4	0	6592.115204	16272.1217	7385.016815	18275.02034	1
5	0	6592.115204	19774.94397	8592.894447	21775.8982	1
6	0	6592.115204	21775.8982	8592.894447	25774.98378	1
7	0	6592.115204	18275.02034	8592.894447	19774.94397	1
8	0	7385.016815	16272.1217	8592.894447	18275.02034	1
9	0	6592.115204	36774.38743	10593.34333	40275.26909	1
10	0	6592.115204	25774.98378	10621.59237	29775.02034	1
11	0	6592.115204	29775.02034	10621.59237	32264.51665	1
12	0	6592.115204	32264.51665	10621.59237	34775.80535	1
13	0	6592.115204	34775.80535	10621.59237	36774.38743	1
14	0	8592.894447	16272.1217	11391.17031	17831.93562	1
15	1	10593.34333	29775.02034	12600.28305	37777.51534	1
16	0	11092.89445	21775.8982	12600.28305	23274.81593	1
17	0	8592.894447	21775.8982	11092.89445	23274.81593	1
18	0	8592.894447	23274.81593	12600.28305	25774.98378	1
19	0	10621.59237	25774.98378	12600.28305	27775.02034	1
20	0	10621.59237	27775.02034	12600.28305	29775.02034	1
21	0	592.7278597	40275.26909	12603.22955	46275.97822	1
22	0	12600.28305	34771.7122	14099.44239	36275.02034	1
23	0	12603.22955	44023.53535	16590.36868	46275.97822	1
24	0	14554.41518	41772.62351	16590.36868	44014.7917	1
25	0	12603.22955	41772.62351	14554.41518	44023.53535	1
26	0	14099.44239	34771.7122	16592.89445	37777.51534	1
27	0	12600.28305	36275.02034	14099.44239	37777.51534	1
28	0	12600.28305	31775.02034	16592.89445	34771.7122	1
29	0	12592.89445	17827.96415	16592.89445	19773.48538	1
30	0	8592.894447	17831.93562	12592.89445	19774.94397	1
31	0	15391.17031	16272.1217	16597.72551	17827.96415	1
32	0	12592.89445	16272.1217	15391.17031	17831.93562	1
33	0	11391.17031	16272.1217	12597.72551	17831.93562	1
34	0	8592.894447	19772.02679	16592.89445	21775.8982	1
35	0	16596.45697	34771.7122	17792.89445	36251.78935	1
36	0	16592.89445	24260.0179	17794.61859	25774.98378	1
37	0	12600.28305	21775.8982	16592.89445	25774.98378	1
38	0	12603.22955	40275.26909	18594.03626	41772.62351	1
39	0	16590.36868	41772.62351	18594.03626	44012.24713	1
40	0	16592.89445	31775.02034	19093.77164	33248.23844	1
41	0	16592.89445	36252.03675	19093.77164	37777.51534	1
42	0	17792.89445	33248.23844	19093.77164	34771.7122	1
43	0	16592.89445	33248.23844	17792.89445	34771.7122	1
44	0	17792.89445	34771.7122	19093.77164	36251.78935	1
45	0	16590.36868	44013.46242	20593.68397	46274.43223	1
46	1	12600.28305	37777.51534	20594.14445	40275.26909	1
47	1	10593.34333	37777.51534	12600.28305	40275.26909	1
48	0	19093.77164	35968.56142	20594.14445	37777.51534	1
49	0	18594.03626	40275.26909	20594.17781	44013.46242	1
50	0	19093.77164	31775.02034	20602.30593	34081.68103	1
51	0	19093.77164	34081.68103	20602.30593	35968.56142	1
52	0	16592.89445	29775.02034	20602.30593	31775.02034	1
53	0	12600.28305	29775.02034	16592.89445	31775.02034	1
54	0	16592.89445	21775.8982	17794.61859	24260.0179	1
55	0	12600.28305	25774.98378	20602.30593	29775.02034	1
56	0	17794.61859	21775.8982	20602.30593	25774.98378	1
57	3	23587.45376	29236.70512	27590.46306	32723.43617	1
58	3	23587.45376	32723.43617	27590.46306	36275.02034	1
59	0	31044.18099	25763.14323	31641.46609	29236.70512	1
60	0	29527.26854	28225.02034	31044.18099	29236.70512	1
61	0	27840.37924	25763.14323	29527.26854	29236.70512	1
62	2	23587.45376	25763.14323	27840.37924	29236.70512	1
63	0	26591.89885	16320.89404	32600.34899	21772.81887	1
64	0	16592.89445	16320.89404	26591.89885	21775.8982	1
65	0	31641.46609	26925.02034	33170.81478	28225.02034	1
66	0	29527.26854	26925.02034	31044.18099	28225.02034	1
67	0	31641.46609	25763.14323	33170.81478	26925.02034	1
68	0	29527.26854	25763.14323	31044.18099	26925.02034	1
69	0	33170.81478	25763.14323	34889.32414	29236.70512	1
70	0	31641.46609	28225.02034	33170.81478	29236.70512	1
71	3	31590.6321	29236.70512	35590.33924	32607.85047	1
72	3	31590.6321	32607.85047	35590.33924	36275.39243	1
73	0	23587.45376	36275.02034	35590.33924	39262.81103	1
74	0	32600.34899	16320.89404	36592.33104	18768.45177	1
75	0	32600.34899	18768.45177	37585.19764	21772.81887	1
76	1	34889.32414	21772.81887	39593.3218	25763.14323	1
77	1	20602.30593	21775.8982	23587.45376	25772.11524	1
78	1	20594.14445	25772.11524	23587.45376	39262.81103	1
79	1	20593.68397	39262.81103	23587.45376	41793.37029	1
80	1	23587.45376	21775.8982	34889.32414	25763.14323	1
81	0	38591.14006	17808.83166	39593.3218	18768.45177	1
82	0	36592.33104	16320.89404	38591.14006	18768.45177	1
83	0	38591.14006	16320.89404	39593.3218	17808.83166	1
84	0	37585.19764	18768.45177	39593.3218	21772.81887	1
85	1	35590.33924	37765.57279	39602.51642	41793.37029	1
86	1	23587.45376	39262.81103	35590.33924	41793.37029	1
87	1	34889.32414	25763.14323	39592.82487	29238.73704	1
88	1	35590.33924	29238.73704	39592.82487	37765.57279	1
89	0	39593.3218	16320.89404	42592.58391	21772.81887	1
90	0	39592.82487	31712.96009	43042.47938	34760.10215	1
91	0	42592.58391	16320.89404	44593.72778	18361.53405	1
92	0	39592.82487	34760.10215	44601.60611	37765.57279	1
93	1	39593.3218	21772.81887	45592.89445	25774.78778	1
94	0	39592.82487	25774.78778	45592.89445	31712.96009	1
95	0	44593.72778	16320.89404	48091.22778	18361.53405	1
96	1	45592.89445	21772.81887	48091.22778	23210.42684	1
97	0	42592.58391	18361.53405	48091.22778	21772.81887	1
98	0	43042.47938	31712.96009	48130.84029	34760.10215	1
99	0	44601.60611	34768.69957	48587.69954	37765.57279	1
100	0	48587.69954	34768.69957	51592.89445	36395.61417	1
101	0	50091.12906	36395.61417	51592.89445	37765.57279	1
102	0	48587.69954	36395.61417	50091.12906	37765.57279	1
103	1	45592.89445	23210.42684	54089.75147	25774.78778	1
104	0	48091.22778	20168.51558	54089.75147	23210.42684	1
105	2	51592.89445	25774.78778	54092.89445	32771.62207	1
106	0	54092.89445	27688.00268	56592.89445	34768.69957	1
107	0	51592.89445	32771.62207	54092.89445	34768.69957	1
108	0	48130.84029	31712.96009	51592.89445	34768.69957	1
109	0	45592.89445	25774.78778	51592.89445	31712.96009	1
110	0	51592.89445	34768.69957	56592.89445	37765.57279	1
111	1	39592.82487	37765.57279	60591.82304	41777.90757	1
112	0	56592.89445	34768.69957	60591.82304	37765.57279	1
113	2	57342.89445	41777.90757	60591.82304	46275.97822	1
114	0	26579.48376	44273.73829	28603.50717	46275.97822	1
115	0	23577.23531	41793.37029	26579.48376	46275.97822	1
116	0	20593.68397	41793.37029	23577.23531	46275.97822	1
117	0	26579.48376	41793.37029	32592.33655	44273.73829	1
118	0	33794.61859	44722.07652	36592.31641	46275.97822	1
119	0	32592.33655	44722.07652	33794.61859	46275.97822	1
120	0	28603.50717	44273.73829	32592.33655	46275.97822	1
121	0	32592.33655	41793.37029	36592.31641	44722.07652	1
122	0	36592.31641	41793.37029	39602.51642	44037.52034	1
123	0	41091.39445	44955.36763	42583.65165	46275.97822	1
124	0	39602.51642	44955.36763	41091.39445	46275.97822	1
125	0	36592.31641	44037.52034	39602.51642	46275.97822	1
126	0	39602.51642	41777.90757	42583.65165	44955.36763	1
127	0	42583.65165	41777.90757	45592.89445	44037.52034	1
128	0	46794.61859	44722.07652	48592.89445	46275.97822	1
129	0	45592.89445	44722.04398	46794.61859	46275.97822	1
130	0	42583.65165	44037.52034	45592.89445	46275.97822	1
131	0	45592.89445	41777.90757	48592.89445	44722.04398	1
132	0	52794.61859	44722.04398	54592.36813	46275.97822	1
133	0	49794.61859	44722.04398	51592.36813	46275.97822	1
134	0	48592.89445	44722.07652	49794.61859	46275.97822	1
135	0	51592.36813	41777.90757	54592.36813	44722.04398	1
136	0	48592.89445	41777.90757	51592.36813	44722.04398	1
137	0	55794.61859	44722.04398	57342.89445	46275.97822	1
138	0	54592.36813	44722.07652	55794.61859	46275.97822	1
139	0	51592.36813	44722.04398	52794.61859	46275.97822	1
140	0	54592.36813	41777.90757	57342.89445	44722.04398	1
141	1	54092.89445	25210.48117	60593.23691	27687.763	1
142	0	48091.22778	16320.89404	60593.23691	20168.51558	1
143	0	54089.75147	20168.51558	60593.23691	25210.48117	1
144	0	684.0631004	12528.61798	3183.975333	15011.72445	2
145	0	1115.907703	15011.72445	3183.975333	16777.84736	2
146	0	1423.059513	16777.84736	3183.975333	18551.08716	2
147	0	1731.449044	18551.08716	3183.975333	21031.2102	2
148	0	684.0972779	38031.89025	3468.655993	39514.34651	2
149	0	684.0972779	39514.34651	3468.655993	40293.29439	2
150	0	3183.975333	18030.46839	6683.403941	21031.2102	2
151	0	2162.774791	21031.2102	6683.403941	24027.95301	2
152	0	6683.403941	18030.46839	8683.672303	20035.8791	2
153	0	6683.403941	20035.8791	8683.672303	26026.44077	2
154	0	4683.975333	14081.05713	8683.975333	15524.72102	2
155	0	3183.975333	12528.61798	4683.975333	15524.72102	2
156	0	8683.672303	22028.11332	11482.2512	23572.31967	2
157	0	9885.699471	12528.61798	12683.97533	14081.05713	2
158	0	8683.975333	12528.61798	9885.699471	14081.05713	2
159	0	4683.975333	12528.61798	7482.251195	14081.05713	2
160	0	7482.251195	12528.61798	8683.975333	14081.05713	2
161	0	11482.2512	22028.11332	12683.97533	23578.11332	2
162	0	8683.672303	23572.31967	12683.97533	26026.44077	2
163	1	6683.403941	28027.68779	12688.35033	34028.00243	2
164	0	12688.35033	28027.68779	15482.2512	31029.54569	2
165	0	12684.50143	31029.54569	15482.2512	34028.11332	2
166	0	12683.97533	14081.07342	16683.97533	15524.72102	2
167	0	8683.975333	14081.05713	12683.97533	15524.72102	2
168	0	12683.97533	12528.61798	15482.2512	14081.05713	2
169	0	15482.2512	12528.61798	16683.97533	14081.07342	2
170	0	13885.69947	20500.40989	16687.88838	22028.11332	2
171	0	8683.672303	20500.40989	11482.2512	22028.11332	2
172	0	12688.35033	26026.44077	16687.88838	28027.68779	2
173	1	6683.403941	26026.44077	12683.97533	28027.68779	2
174	0	15489.58874	31029.54569	16687.88838	32525.48771	2
175	0	15482.2512	32525.48771	16695.22592	34028.11332	2
176	0	16687.88838	18030.46839	17885.69947	20500.40989	2
177	0	12683.97533	18030.46839	16687.88838	20500.40989	2
178	0	8683.672303	18030.46839	12683.97533	20500.40989	2
179	0	16687.88838	28027.68779	19139.2819	29501.18211	2
180	0	15482.2512	28027.68779	16687.88838	29501.18211	2
181	0	17883.97533	29501.18211	19139.2819	31029.54569	2
182	0	16687.88838	29501.18211	17883.97533	31029.54569	2
183	0	15482.2512	29501.18211	16687.88838	31029.54569	2
184	0	17883.97533	31029.54569	19139.2819	32525.48771	2
185	0	16687.88838	31029.54569	17883.97533	32525.48771	2
186	0	17885.69947	18030.46839	20684.83003	22028.11332	2
187	0	16687.88838	20500.40989	17885.69947	22028.11332	2
188	0	12683.97533	20500.40989	13885.69947	22028.11332	2
189	0	11482.2512	20500.40989	12683.97533	22028.11332	2
190	0	12683.97533	22028.11332	13885.69947	23572.31967	2
191	0	12683.97533	23572.31967	16687.88838	26026.44077	2
192	0	13885.69947	22028.11332	16687.88838	23578.11332	2
193	0	17885.69947	12528.61798	20684.83003	14081.07342	2
194	0	16683.97533	12528.61798	17885.69947	14081.07342	2
195	0	16683.97533	14081.07342	20684.83003	15524.72102	2
196	1	3183.975333	15524.72102	20684.83003	18030.46839	2
197	1	12684.50143	34028.11332	20685.22533	38031.89025	2
198	1	6683.403941	34028.11332	12688.35033	38031.89025	2
199	0	16687.88838	32525.48771	19139.2819	34028.11332	2
200	0	19145.37351	32224.04582	20685.22533	34028.11332	2
201	0	19145.37351	30349.29349	20687.61922	32224.04582	2
202	0	17885.69947	22028.11332	20687.61922	23578.11332	2
203	0	16687.88838	22028.11332	17885.69947	23586.93653	2
204	0	16687.88838	23586.93653	20687.61922	26026.44077	2
205	0	16687.88838	26026.44077	20687.61922	28027.68779	2
206	0	19139.2819	28027.68779	20687.61922	30349.29349	2
207	0	20683.97533	41026.83127	21681.89975	42527.41214	2
208	0	8684.501427	40487.82164	11207.69328	42527.41214	2
209	0	684.0972779	40293.29439	4682.819798	42527.41214	2
210	0	3468.655993	38031.89025	5184.870297	40293.29439	2
211	0	3468.655993	36516.05337	6683.403941	38031.89025	2
212	0	684.0972779	36516.05337	3468.655993	38031.89025	2
213	2	684.0972779	31028.3407	6683.403941	34028.00243	2
214	0	684.0972779	34028.00243	6683.403941	36516.05337	2
215	0	5184.870297	38031.89025	8684.501427	40293.29439	2
216	0	4682.819798	40293.29439	8684.501427	42527.41214	2
217	0	8684.501427	38031.89025	12684.50143	40487.82164	2
218	0	12684.50143	40501.03773	15207.69328	42527.41214	2
219	0	11207.69328	40487.82164	12684.50143	42527.41214	2
220	0	12684.50143	38031.89025	16683.97533	40501.03773	2
221	0	18160.25738	40501.03773	20683.97533	42527.41214	2
222	0	16683.97533	40501.03773	18160.25738	42527.41214	2
223	0	15207.69328	40501.03773	16683.97533	42527.41214	2
224	0	16683.97533	38031.89025	20683.97533	40501.03773	2
225	0	20683.97533	38031.89025	23683.44924	41026.83127	2
226	1	20684.83003	12528.61798	26683.97533	18023.1965	2
227	0	25686.05092	41026.83127	26692.61379	42527.41214	2
228	0	23683.44924	41026.83127	25686.05092	42527.41214	2
229	0	21681.89975	41026.83127	23683.44924	42527.41214	2
230	0	23683.44924	38031.89025	26692.61379	41026.83127	2
231	3	23673.18054	25474.14878	27680.22847	28965.71609	2
232	0	29606.21628	22020.98928	31133.33482	23178.11332	2
233	0	26692.61379	40503.14885	31207.69213	42527.41214	2
234	0	26692.61379	38031.89025	32684.47007	40503.14885	2
235	0	31734.36257	24482.34292	33261.73439	25474.14878	2
236	0	31133.33482	22020.98928	31734.36257	25474.14878	2
237	0	29606.21628	24482.34292	31133.33482	25474.14878	2
238	0	27933.97533	22020.98928	29606.21628	25474.14878	2
239	2	23673.18054	22028.11332	27934.62699	25474.14878	2
240	0	29606.21628	23178.11332	31133.33482	24482.34292	2
241	0	27690.72884	25474.14878	31678.06799	32522.72302	2
242	3	23673.18054	28965.71609	27690.72884	32522.72302	2
243	0	31734.36257	22020.98928	33261.73439	23178.11332	2
244	0	31734.36257	23178.11332	33261.73439	24482.34292	2
245	1	26683.97533	18023.1965	34937.37167	22020.98928	2
246	1	20684.83003	18023.1965	26683.97533	22028.11332	2
247	0	33261.73439	22020.98928	34937.37167	25474.14878	2
248	3	31678.06799	25474.14878	35689.07404	28957.30556	2
249	3	31678.06799	28957.30556	35689.07404	32525.12934	2
250	0	32682.98849	12527.29537	37682.67037	14600.84283	2
251	0	32684.47007	40501.0393	38207.69328	42527.41214	2
252	1	34937.37167	22020.98928	39683.97533	25474.14878	2
253	1	35689.07404	25474.14878	39683.97533	34023.82107	2
254	0	38207.69328	40501.0393	39683.97533	42527.41214	2
255	0	31207.69213	40503.14885	32684.47007	42527.41214	2
256	0	32684.47007	38031.89025	39683.97533	40503.14885	2
257	0	32682.98849	14600.84283	39683.97533	18023.1965	2
258	1	34937.37167	18023.1965	39683.97533	22016.22883	2
259	0	39683.97533	12527.29537	41685.22533	14600.84283	2
260	0	37682.67037	12527.29537	39683.97533	14600.84283	2
261	0	44683.97533	27962.81762	46683.97533	31013.11332	2
262	0	42687.30913	27963.71573	44683.97533	31014.06933	2
263	0	39683.97533	14600.84283	48183.97533	18023.1965	2
264	0	45683.22342	31024.30798	48677.32324	32662.11784	2
265	0	48677.32324	31024.30798	49133.00534	32662.11784	2
266	0	45683.22342	32662.11784	49133.00534	34023.82107	2
267	0	45683.97533	40501.03773	50207.69328	42527.41214	2
268	0	41160.25738	40501.0393	45683.97533	42527.41214	2
269	0	39683.97533	40501.0393	41160.25738	42527.41214	2
270	1	39683.97533	18023.1965	51683.62795	22028.11332	2
271	0	46683.97533	24526.83127	51683.62795	27962.81762	2
272	0	44683.97533	24526.83127	46683.97533	27962.81762	2
273	0	39683.97533	24526.83127	44683.97533	27963.71573	2
274	0	39683.97533	22028.11332	45683.97533	24526.83127	2
275	0	45683.97533	22028.11332	51683.62795	24526.83127	2
276	0	48677.32324	27962.81762	51683.62795	31024.30798	2
277	0	45683.97533	38031.89025	51683.97533	40503.14885	2
278	0	39683.97533	38031.89025	45683.97533	40503.14885	2
279	0	49133.00534	31024.30798	51683.97533	32662.11784	2
280	0	49133.00534	32662.11784	51683.97533	34023.82107	2
281	0	48183.97533	12527.29537	52182.67037	14597.5872	2
282	0	52182.67037	12527.29537	54177.80111	14597.5872	2
283	0	41685.22533	12527.29537	48183.97533	14600.84283	2
284	1	51683.97533	18023.1965	54177.80111	21463.11332	2
285	0	48183.97533	14597.5872	54177.80111	18023.1965	2
286	1	51683.97533	21463.11332	54178.61333	25169.59909	2
287	2	51683.97533	25169.59909	54185.72568	29025.73546	2
288	0	51683.97533	29025.73546	54185.72568	31024.30798	2
289	0	46683.97533	27962.81762	48677.32324	31024.30798	2
290	1	54185.72568	21463.11332	56684.12675	34021.22668	2
291	0	53160.25738	40501.03773	57445.0301	42527.41214	2
292	0	51683.97533	40501.03773	53160.25738	42527.41214	2
293	0	50207.69328	40501.03773	51683.97533	42527.41214	2
294	0	51683.97533	38031.89025	57445.0301	40501.03773	2
295	0	56684.12675	31024.71505	59456.94473	34021.22668	2
296	0	51683.97533	31024.30798	54185.72568	34023.82107	2
297	0	54178.61333	12527.80312	60676.86299	21463.62106	2
298	0	59456.94473	32551.88897	60680.31859	34021.22668	2
299	1	20685.22533	22028.11332	23673.18054	34028.11332	2
300	0	59456.94473	31024.71505	60680.31859	32551.88897	2
301	1	54185.72568	34021.22668	60680.31859	38031.89025	2
302	1	39683.97533	34023.82107	54185.72568	38031.89025	2
303	1	35689.39052	34024.5855	39683.97533	38031.89025	2
304	1	23683.44924	35528.11332	35689.39052	38031.89025	2
305	1	20685.22533	34028.11332	23683.44924	38031.89025	2
306	0	23673.18054	32527.79987	35684.49775	35520.30895	2
307	0	42687.30913	31014.06933	45683.22342	34023.82107	2
308	0	39683.97533	27963.71573	42687.30913	34024.5855	2
309	2	57445.0301	38031.89025	60680.31859	42527.41214	2
310	0	56684.12675	21463.11332	60683.97533	24028.11332	2
311	0	1582.203135	17619.30663	3036.929018	19104.26352	3
312	0	1273.842289	15846.23177	3036.929018	17619.30663	3
313	0	967.033153	14082.07924	3036.929018	15846.23177	3
314	0	534.6656083	11595.96586	4534.758109	14082.07924	3
315	0	3036.929018	14082.07924	4534.758109	14593.10544	3
316	0	2013.557567	20099.59462	6535.292983	23096.27035	3
317	0	1840.456506	19104.26352	6535.292983	20099.59462	3
318	0	6535.292983	19104.26352	8534.455079	25094.79885	3
319	0	5049.57103	37108.41741	8549.975783	39361.6788	3
320	0	923.4222714	38589.1192	3319.438769	39361.6788	3
321	0	1057.780464	37108.41741	3319.438769	38589.1192	3
322	0	1581.881881	33080.80579	3319.438769	35575.53605	3
323	0	8534.455079	19568.77798	11333.03397	21096.49774	3
324	0	8534.455079	21096.49774	11333.03397	22640.70409	3
325	1	6535.805501	33096.49774	12534.41012	37108.41741	3
326	1	6535.805501	27095.86214	12534.41012	33096.49774	3
327	1	6535.805501	25094.79885	12534.41012	27095.86214	3
328	0	9736.482247	11591.17855	12534.75811	13149.20117	3
329	0	8534.758109	11591.17855	9736.482247	13149.20117	3
330	0	7333.033971	11591.17855	8534.758109	13149.20117	3
331	0	4534.758109	11596.49774	7333.033971	13149.20117	3
332	0	3036.929018	17098.85281	8534.455079	19104.26352	3
333	0	8534.758109	13149.20117	12534.75811	14593.10544	3
334	0	4534.758109	13149.20117	8534.758109	14593.10544	3
335	0	8534.455079	22640.70409	12534.75811	25094.79885	3
336	0	11333.03397	21096.49774	12534.75811	22640.70409	3
337	0	12534.75811	19568.77798	13736.48225	21096.49774	3
338	0	11333.03397	19568.77798	12534.75811	21096.49774	3
339	0	12534.75811	21096.49774	13736.48225	22640.70409	3
340	0	12534.75811	11591.17855	15333.03397	13149.32084	3
341	0	12534.75811	13149.20117	16534.75811	14593.10544	3
342	0	15333.03397	11591.17855	16534.75811	13149.32084	3
343	1	12534.75811	25094.79885	16538.26998	27095.86214	3
344	0	12534.41012	27095.86214	16538.26998	33096.49774	3
345	0	12534.75811	17098.85281	16538.26998	19568.55392	3
346	0	8534.455079	17098.85281	12534.75811	19568.77798	3
347	0	13736.48225	19568.77798	16538.26998	21096.49774	3
348	0	16538.26998	22660.63607	17736.48225	25094.79885	3
349	0	12534.75811	22640.70409	16538.26998	25094.79885	3
350	0	16538.26998	17098.85281	17736.48225	19568.55392	3
351	0	16538.26998	21096.49774	17736.48225	22660.63607	3
352	0	13736.48225	21096.49774	16538.26998	22660.63607	3
353	0	17734.75811	30096.49774	19035.6353	31491.36393	3
354	0	16538.26998	30096.49774	17734.75811	31491.36393	3
355	0	17734.75811	28569.93672	19035.6353	30096.49774	3
356	0	16538.26998	28569.93672	17734.75811	30096.49774	3
357	0	17736.48225	11591.17855	20535.61281	13149.32084	3
358	0	16534.75811	11591.17855	17736.48225	13149.32084	3
359	0	16534.75811	13149.32084	20535.61281	14593.10544	3
360	0	16538.26998	31491.36393	20536.00811	33096.49774	3
361	0	19035.6353	28569.93672	20546.47176	29417.67791	3
362	0	16538.26998	27095.86214	20546.47176	28569.93672	3
363	0	16538.26998	25094.79885	20546.47176	27095.86214	3
364	0	17736.48225	17098.85281	20546.47176	21096.49774	3
365	0	16538.26998	19568.55392	17736.48225	21096.49774	3
366	0	17736.48225	21096.49774	20546.47176	25094.79885	3
367	0	18011.04016	39556.34036	23534.75811	41600.40128	3
368	0	16542.88439	39556.34036	18011.04016	41600.40128	3
369	0	15058.47606	39556.34036	16542.88439	41600.40128	3
370	0	8549.975783	39556.34036	15058.47606	41600.40128	3
371	0	534.0792317	39361.6788	4559.360979	41600.40128	3
372	0	3319.438769	37108.41741	5049.57103	39361.6788	3
373	0	3319.438769	33080.80579	6535.805501	37108.41741	3
374	0	1315.293818	35575.53605	3319.438769	37108.41741	3
375	2	2015.748012	30089.07087	6535.805501	33080.80579	3
376	0	4559.360979	39361.6788	8549.975783	41600.40128	3
377	0	16542.88439	37108.41741	23534.75811	39556.34036	3
378	0	8549.975783	37108.41741	16542.88439	39556.34036	3
379	1	20536.00811	33096.49774	23534.75811	37107.35794	3
380	1	12534.41012	33096.49774	20536.00811	37108.41741	3
381	1	20536.00811	31595.96875	23534.75811	33096.49774	3
382	1	20535.61281	11591.17855	26534.75811	14646.49774	3
383	1	20535.61281	14646.49774	26534.75811	17096.49774	3
384	1	3036.929018	14593.10544	20535.61281	17098.85281	3
385	0	19035.6353	31246.49774	20536.00811	31491.36393	3
386	1	19035.6353	29417.67791	20546.47176	31246.49774	3
387	1	20546.47176	21096.49774	24216.23812	31594.52229	3
388	1	26534.75811	17096.49774	34833.45669	21089.24871	3
389	1	20546.47176	17096.49774	26534.75811	21096.49774	3
390	0	31431.94756	23550.72733	33112.44817	24565.86527	3
391	0	33112.44817	21089.24871	34833.45669	24565.86527	3
392	0	27568.11195	21089.24871	29457.079	24565.86527	3
393	2	24234.75811	21089.24871	27568.11195	24565.86527	3
394	3	24234.75811	24565.86527	27568.11195	27954.10862	3
395	3	31431.94756	24565.86527	34833.45669	28064.00333	3
396	1	34833.45669	21104.90544	39534.75811	31587.46225	3
397	3	31431.94756	28064.00333	34833.45669	31594.14599	3
398	3	24216.23812	27954.10862	27568.11195	31595.96875	3
399	0	29457.079	21089.24871	30934.75811	22246.49774	3
400	0	30934.75811	21089.24871	31431.94756	24565.86527	3
401	0	29457.079	23550.72733	30934.75811	24565.86527	3
402	0	31431.94756	21089.24871	33112.44817	22246.49774	3
403	0	31431.94756	22246.49774	33112.44817	23550.72733	3
404	0	29457.079	22246.49774	30934.75811	23550.72733	3
405	1	35538.55995	31594.14599	39534.75811	37101.59785	3
406	0	37533.45315	11596.49774	39534.75811	13683.96912	3
407	0	32533.77127	11592.48171	37533.45315	13683.96912	3
408	0	32533.77127	13683.96912	39534.75811	17092.7274	3
409	0	50009.27477	27031.39764	51534.69698	29046.65511	3
410	0	48531.22734	27031.39764	50009.27477	29046.65511	3
411	0	41060.24144	27031.39764	42534.75815	29046.65511	3
412	0	39534.75811	27031.39764	41060.24144	29046.65511	3
413	0	37036.04016	39556.34036	44009.75811	41600.40128	3
414	0	35538.55995	39556.34036	37036.04016	41600.40128	3
415	1	39534.75811	17092.7274	51534.69698	21104.90544	3
416	1	34833.45669	17092.7274	39534.75811	21104.90544	3
417	0	47032.11003	25016.34036	51534.69698	27031.39764	3
418	0	39534.75811	25016.34036	44058.47606	27031.39764	3
419	0	45538.8694	21104.90544	51534.69698	25016.34036	3
420	0	39534.75811	21104.90544	45538.8694	25016.34036	3
421	0	45538.8694	25016.34036	47032.11003	27031.39764	3
422	0	44058.47606	25016.34036	45538.8694	27031.39764	3
423	0	44009.75811	37101.59785	51542.88729	39556.34036	3
424	0	35538.55995	37101.59785	44009.75811	39556.34036	3
425	0	48034.75811	11596.49774	52033.45315	13683.96912	3
426	0	41536.00811	11596.49774	48034.75811	13683.96912	3
427	0	39534.75811	11596.49774	41536.00811	13683.96912	3
428	1	51534.69698	23096.49774	54033.20174	24265.39294	3
429	1	39534.75811	33090.08328	54033.20174	37101.59785	3
430	0	51534.69698	28093.09947	54033.20174	33090.08328	3
431	0	48531.22734	29046.65511	51534.69698	33090.08328	3
432	0	42534.75815	29046.65511	48531.22734	33090.08328	3
433	0	39534.75811	29046.65511	42534.75815	33090.08328	3
434	0	47032.11003	27031.39764	48531.22734	29046.65511	3
435	0	42534.75815	27031.39764	47032.11003	29046.65511	3
436	2	51534.69698	24265.39294	54033.20174	28093.09947	3
437	1	51534.69698	17092.7274	54042.24019	20531.85462	3
438	1	51534.69698	20531.85462	54042.24019	23096.49774	3
439	0	48034.75811	13683.96912	54042.24019	17092.7274	3
440	0	39534.75811	13683.96912	48034.75811	17092.7274	3
441	0	52033.45315	11596.49774	54042.24019	13683.96912	3
442	0	54042.24019	13683.96912	56036.00811	20531.85462	3
443	0	54042.24019	11596.49774	56036.00811	13683.96912	3
444	1	54042.24019	20531.85462	56534.70234	23096.49774	3
445	1	54033.20174	23096.49774	56534.70234	24237.98351	3
446	1	54033.20174	24265.39294	56534.70234	33089.6111	3
447	1	54033.20174	33090.08328	56534.70234	37101.59785	3
448	0	53011.04016	39556.34036	57295.81288	41600.40128	3
449	0	51542.88729	39556.34036	53011.04016	41600.40128	3
450	0	44009.75811	39556.34036	50058.47606	41600.40128	3
451	0	50058.47606	39556.34036	51542.88729	41600.40128	3
452	0	51542.88729	37101.59785	57295.81288	39556.34036	3
453	1	56534.70234	33089.6111	60525.81823	37101.59785	3
454	2	57295.81288	37101.59785	60525.81823	41600.40128	3
455	0	59294.79784	31620.27338	60525.81823	33089.6111	3
456	0	56534.70234	30083.87487	59294.79784	33089.6111	3
457	0	59294.79784	30083.87487	60525.81823	31620.27338	3
458	1	56534.70234	20531.85462	60534.75811	23096.49774	3
459	0	56036.00811	11596.49774	60534.75811	20531.85462	3
460	0	1582.203135	17619.30663	3036.929018	19104.26352	4
461	0	1273.842289	15846.23177	3036.929018	17619.30663	4
462	0	967.033153	14082.07924	3036.929018	15846.23177	4
463	0	534.6656083	11595.96586	4534.758109	14082.07924	4
464	0	3036.929018	14082.07924	4534.758109	14593.10544	4
465	0	2013.557567	20099.59462	6535.292983	23096.27035	4
466	0	1840.456506	19104.26352	6535.292983	20099.59462	4
467	0	6535.292983	19104.26352	8534.455079	25094.79885	4
468	0	5049.57103	37108.41741	8549.975783	39361.6788	4
469	0	923.4222714	38589.1192	3319.438769	39361.6788	4
470	0	1057.780464	37108.41741	3319.438769	38589.1192	4
471	0	1581.881881	33080.80579	3319.438769	35575.53605	4
472	0	8534.455079	19568.77798	11333.03397	21096.49774	4
473	0	8534.455079	21096.49774	11333.03397	22640.70409	4
474	1	6535.805501	33096.49774	12534.41012	37108.41741	4
475	1	6535.805501	27095.86214	12534.41012	33096.49774	4
476	1	6535.805501	25094.79885	12534.41012	27095.86214	4
477	0	9736.482247	11591.17855	12534.75811	13149.20117	4
478	0	8534.758109	11591.17855	9736.482247	13149.20117	4
479	0	7333.033971	11591.17855	8534.758109	13149.20117	4
480	0	4534.758109	11596.49774	7333.033971	13149.20117	4
481	0	3036.929018	17098.85281	8534.455079	19104.26352	4
482	0	8534.758109	13149.20117	12534.75811	14593.10544	4
483	0	4534.758109	13149.20117	8534.758109	14593.10544	4
484	0	8534.455079	22640.70409	12534.75811	25094.79885	4
485	0	11333.03397	21096.49774	12534.75811	22640.70409	4
486	0	12534.75811	19568.77798	13736.48225	21096.49774	4
487	0	11333.03397	19568.77798	12534.75811	21096.49774	4
488	0	12534.75811	21096.49774	13736.48225	22640.70409	4
489	0	12534.75811	11591.17855	15333.03397	13149.32084	4
490	0	12534.75811	13149.20117	16534.75811	14593.10544	4
491	0	15333.03397	11591.17855	16534.75811	13149.32084	4
492	1	12534.75811	25094.79885	16538.26998	27095.86214	4
493	0	12534.41012	27095.86214	16538.26998	33096.49774	4
494	0	12534.75811	17098.85281	16538.26998	19568.55392	4
495	0	8534.455079	17098.85281	12534.75811	19568.77798	4
496	0	13736.48225	19568.77798	16538.26998	21096.49774	4
497	0	16538.26998	22660.63607	17736.48225	25094.79885	4
498	0	12534.75811	22640.70409	16538.26998	25094.79885	4
499	0	16538.26998	17098.85281	17736.48225	19568.55392	4
500	0	16538.26998	21096.49774	17736.48225	22660.63607	4
501	0	13736.48225	21096.49774	16538.26998	22660.63607	4
502	0	17734.75811	30096.49774	19035.6353	31491.36393	4
503	0	16538.26998	30096.49774	17734.75811	31491.36393	4
504	0	17734.75811	28569.93672	19035.6353	30096.49774	4
505	0	16538.26998	28569.93672	17734.75811	30096.49774	4
506	0	17736.48225	11591.17855	20535.61281	13149.32084	4
507	0	16534.75811	11591.17855	17736.48225	13149.32084	4
508	0	16534.75811	13149.32084	20535.61281	14593.10544	4
509	0	16538.26998	31491.36393	20536.00811	33096.49774	4
510	0	19035.6353	28569.93672	20546.47176	29417.67791	4
511	0	16538.26998	27095.86214	20546.47176	28569.93672	4
512	0	16538.26998	25094.79885	20546.47176	27095.86214	4
513	0	17736.48225	17098.85281	20546.47176	21096.49774	4
514	0	16538.26998	19568.55392	17736.48225	21096.49774	4
515	0	17736.48225	21096.49774	20546.47176	25094.79885	4
516	0	18011.04016	39556.34036	23534.75811	41600.40128	4
517	0	16542.88439	39556.34036	18011.04016	41600.40128	4
518	0	15058.47606	39556.34036	16542.88439	41600.40128	4
519	0	8549.975783	39556.34036	15058.47606	41600.40128	4
520	0	534.0792317	39361.6788	4559.360979	41600.40128	4
521	0	3319.438769	37108.41741	5049.57103	39361.6788	4
522	0	3319.438769	33080.80579	6535.805501	37108.41741	4
523	0	1315.293818	35575.53605	3319.438769	37108.41741	4
524	2	2015.748012	30089.07087	6535.805501	33080.80579	4
525	0	4559.360979	39361.6788	8549.975783	41600.40128	4
526	0	16542.88439	37108.41741	23534.75811	39556.34036	4
527	0	8549.975783	37108.41741	16542.88439	39556.34036	4
528	1	20536.00811	33096.49774	23534.75811	37107.35794	4
529	1	12534.41012	33096.49774	20536.00811	37108.41741	4
530	1	20536.00811	31595.96875	23534.75811	33096.49774	4
531	1	20535.61281	11591.17855	26534.75811	14646.49774	4
532	1	20535.61281	14646.49774	26534.75811	17096.49774	4
533	1	3036.929018	14593.10544	20535.61281	17098.85281	4
534	0	19035.6353	31246.49774	20536.00811	31491.36393	4
535	1	19035.6353	29417.67791	20546.47176	31246.49774	4
536	1	20546.47176	21096.49774	24216.23812	31594.52229	4
537	1	26534.75811	17096.49774	34833.45669	21089.24871	4
538	1	20546.47176	17096.49774	26534.75811	21096.49774	4
539	0	31431.94756	23550.72733	33112.44817	24565.86527	4
540	0	33112.44817	21089.24871	34833.45669	24565.86527	4
541	0	27568.11195	21089.24871	29457.079	24565.86527	4
542	2	24234.75811	21089.24871	27568.11195	24565.86527	4
543	3	24234.75811	24565.86527	27568.11195	27954.10862	4
544	3	31431.94756	24565.86527	34833.45669	28064.00333	4
545	1	34833.45669	21104.90544	39534.75811	31587.46225	4
546	3	31431.94756	28064.00333	34833.45669	31594.14599	4
547	3	24216.23812	27954.10862	27568.11195	31595.96875	4
548	0	29457.079	21089.24871	30934.75811	22246.49774	4
549	0	30934.75811	21089.24871	31431.94756	24565.86527	4
550	0	29457.079	23550.72733	30934.75811	24565.86527	4
551	0	31431.94756	21089.24871	33112.44817	22246.49774	4
552	0	31431.94756	22246.49774	33112.44817	23550.72733	4
553	0	29457.079	22246.49774	30934.75811	23550.72733	4
554	1	35538.55995	31594.14599	39534.75811	37101.59785	4
555	0	37533.45315	11596.49774	39534.75811	13683.96912	4
556	0	32533.77127	11592.48171	37533.45315	13683.96912	4
557	0	32533.77127	13683.96912	39534.75811	17092.7274	4
558	0	50009.27477	27031.39764	51534.69698	29046.65511	4
559	0	48531.22734	27031.39764	50009.27477	29046.65511	4
560	0	41060.24144	27031.39764	42534.75815	29046.65511	4
561	0	39534.75811	27031.39764	41060.24144	29046.65511	4
562	0	37036.04016	39556.34036	44009.75811	41600.40128	4
563	0	35538.55995	39556.34036	37036.04016	41600.40128	4
564	1	39534.75811	17092.7274	51534.69698	21104.90544	4
565	1	34833.45669	17092.7274	39534.75811	21104.90544	4
566	0	47032.11003	25016.34036	51534.69698	27031.39764	4
567	0	39534.75811	25016.34036	44058.47606	27031.39764	4
568	0	45538.8694	21104.90544	51534.69698	25016.34036	4
569	0	39534.75811	21104.90544	45538.8694	25016.34036	4
570	0	45538.8694	25016.34036	47032.11003	27031.39764	4
571	0	44058.47606	25016.34036	45538.8694	27031.39764	4
572	0	44009.75811	37101.59785	51542.88729	39556.34036	4
573	0	35538.55995	37101.59785	44009.75811	39556.34036	4
574	0	48034.75811	11596.49774	52033.45315	13683.96912	4
575	0	41536.00811	11596.49774	48034.75811	13683.96912	4
576	0	39534.75811	11596.49774	41536.00811	13683.96912	4
577	1	51534.69698	23096.49774	54033.20174	24265.39294	4
578	1	39534.75811	33090.08328	54033.20174	37101.59785	4
579	0	51534.69698	28093.09947	54033.20174	33090.08328	4
580	0	48531.22734	29046.65511	51534.69698	33090.08328	4
581	0	42534.75815	29046.65511	48531.22734	33090.08328	4
582	0	39534.75811	29046.65511	42534.75815	33090.08328	4
583	0	47032.11003	27031.39764	48531.22734	29046.65511	4
584	0	42534.75815	27031.39764	47032.11003	29046.65511	4
585	2	51534.69698	24265.39294	54033.20174	28093.09947	4
586	1	51534.69698	17092.7274	54042.24019	20531.85462	4
587	1	51534.69698	20531.85462	54042.24019	23096.49774	4
588	0	48034.75811	13683.96912	54042.24019	17092.7274	4
589	0	39534.75811	13683.96912	48034.75811	17092.7274	4
590	0	52033.45315	11596.49774	54042.24019	13683.96912	4
591	0	54042.24019	13683.96912	56036.00811	20531.85462	4
592	0	54042.24019	11596.49774	56036.00811	13683.96912	4
593	1	54042.24019	20531.85462	56534.70234	23096.49774	4
594	1	54033.20174	23096.49774	56534.70234	24237.98351	4
595	1	54033.20174	24265.39294	56534.70234	33089.6111	4
596	1	54033.20174	33090.08328	56534.70234	37101.59785	4
597	0	53011.04016	39556.34036	57295.81288	41600.40128	4
598	0	51542.88729	39556.34036	53011.04016	41600.40128	4
599	0	44009.75811	39556.34036	50058.47606	41600.40128	4
600	0	50058.47606	39556.34036	51542.88729	41600.40128	4
601	0	51542.88729	37101.59785	57295.81288	39556.34036	4
602	1	56534.70234	33089.6111	60525.81823	37101.59785	4
603	2	57295.81288	37101.59785	60525.81823	41600.40128	4
604	0	59294.79784	31620.27338	60525.81823	33089.6111	4
605	0	56534.70234	30083.87487	59294.79784	33089.6111	4
606	0	59294.79784	30083.87487	60525.81823	31620.27338	4
607	1	56534.70234	20531.85462	60534.75811	23096.49774	4
608	0	56036.00811	11596.49774	60534.75811	20531.85462	4
609	0	1582.203135	17619.30663	3036.929018	19104.26352	5
610	0	1273.842289	15846.23177	3036.929018	17619.30663	5
611	0	967.033153	14082.07924	3036.929018	15846.23177	5
612	0	534.6656083	11595.96586	4534.758109	14082.07924	5
613	0	3036.929018	14082.07924	4534.758109	14593.10544	5
614	0	2013.557567	20099.59462	6535.292983	23096.27035	5
615	0	1840.456506	19104.26352	6535.292983	20099.59462	5
616	0	6535.292983	19104.26352	8534.455079	25094.79885	5
617	0	5049.57103	37108.41741	8549.975783	39361.6788	5
618	0	923.4222714	38589.1192	3319.438769	39361.6788	5
619	0	1057.780464	37108.41741	3319.438769	38589.1192	5
620	0	1581.881881	33080.80579	3319.438769	35575.53605	5
621	0	8534.455079	19568.77798	11333.03397	21096.49774	5
622	0	8534.455079	21096.49774	11333.03397	22640.70409	5
623	1	6535.805501	33096.49774	12534.41012	37108.41741	5
624	1	6535.805501	27095.86214	12534.41012	33096.49774	5
625	1	6535.805501	25094.79885	12534.41012	27095.86214	5
626	0	9736.482247	11591.17855	12534.75811	13149.20117	5
627	0	8534.758109	11591.17855	9736.482247	13149.20117	5
628	0	7333.033971	11591.17855	8534.758109	13149.20117	5
629	0	4534.758109	11596.49774	7333.033971	13149.20117	5
630	0	3036.929018	17098.85281	8534.455079	19104.26352	5
631	0	8534.758109	13149.20117	12534.75811	14593.10544	5
632	0	4534.758109	13149.20117	8534.758109	14593.10544	5
633	0	8534.455079	22640.70409	12534.75811	25094.79885	5
634	0	11333.03397	21096.49774	12534.75811	22640.70409	5
635	0	12534.75811	19568.77798	13736.48225	21096.49774	5
636	0	11333.03397	19568.77798	12534.75811	21096.49774	5
637	0	12534.75811	21096.49774	13736.48225	22640.70409	5
638	0	12534.75811	11591.17855	15333.03397	13149.32084	5
639	0	12534.75811	13149.20117	16534.75811	14593.10544	5
640	0	15333.03397	11591.17855	16534.75811	13149.32084	5
641	1	12534.75811	25094.79885	16538.26998	27095.86214	5
642	0	12534.41012	27095.86214	16538.26998	33096.49774	5
643	0	12534.75811	17098.85281	16538.26998	19568.55392	5
644	0	8534.455079	17098.85281	12534.75811	19568.77798	5
645	0	13736.48225	19568.77798	16538.26998	21096.49774	5
646	0	16538.26998	22660.63607	17736.48225	25094.79885	5
647	0	12534.75811	22640.70409	16538.26998	25094.79885	5
648	0	16538.26998	17098.85281	17736.48225	19568.55392	5
649	0	16538.26998	21096.49774	17736.48225	22660.63607	5
650	0	13736.48225	21096.49774	16538.26998	22660.63607	5
651	0	17734.75811	30096.49774	19035.6353	31491.36393	5
652	0	16538.26998	30096.49774	17734.75811	31491.36393	5
653	0	17734.75811	28569.93672	19035.6353	30096.49774	5
654	0	16538.26998	28569.93672	17734.75811	30096.49774	5
655	0	17736.48225	11591.17855	20535.61281	13149.32084	5
656	0	16534.75811	11591.17855	17736.48225	13149.32084	5
657	0	16534.75811	13149.32084	20535.61281	14593.10544	5
658	0	16538.26998	31491.36393	20536.00811	33096.49774	5
659	0	19035.6353	28569.93672	20546.47176	29417.67791	5
660	0	16538.26998	27095.86214	20546.47176	28569.93672	5
661	0	16538.26998	25094.79885	20546.47176	27095.86214	5
662	0	17736.48225	17098.85281	20546.47176	21096.49774	5
663	0	16538.26998	19568.55392	17736.48225	21096.49774	5
664	0	17736.48225	21096.49774	20546.47176	25094.79885	5
665	0	18011.04016	39556.34036	23534.75811	41600.40128	5
666	0	16542.88439	39556.34036	18011.04016	41600.40128	5
667	0	15058.47606	39556.34036	16542.88439	41600.40128	5
668	0	8549.975783	39556.34036	15058.47606	41600.40128	5
669	0	534.0792317	39361.6788	4559.360979	41600.40128	5
670	0	3319.438769	37108.41741	5049.57103	39361.6788	5
671	0	3319.438769	33080.80579	6535.805501	37108.41741	5
672	0	1315.293818	35575.53605	3319.438769	37108.41741	5
673	2	2015.748012	30089.07087	6535.805501	33080.80579	5
674	0	4559.360979	39361.6788	8549.975783	41600.40128	5
675	0	16542.88439	37108.41741	23534.75811	39556.34036	5
676	0	8549.975783	37108.41741	16542.88439	39556.34036	5
677	1	20536.00811	33096.49774	23534.75811	37107.35794	5
678	1	12534.41012	33096.49774	20536.00811	37108.41741	5
679	1	20536.00811	31595.96875	23534.75811	33096.49774	5
680	1	20535.61281	11591.17855	26534.75811	14646.49774	5
681	1	20535.61281	14646.49774	26534.75811	17096.49774	5
682	1	3036.929018	14593.10544	20535.61281	17098.85281	5
683	0	19035.6353	31246.49774	20536.00811	31491.36393	5
684	1	19035.6353	29417.67791	20546.47176	31246.49774	5
685	1	20546.47176	21096.49774	24216.23812	31594.52229	5
686	1	26534.75811	17096.49774	34833.45669	21089.24871	5
687	1	20546.47176	17096.49774	26534.75811	21096.49774	5
688	0	31431.94756	23550.72733	33112.44817	24565.86527	5
689	0	33112.44817	21089.24871	34833.45669	24565.86527	5
690	0	27568.11195	21089.24871	29457.079	24565.86527	5
691	2	24234.75811	21089.24871	27568.11195	24565.86527	5
692	3	24234.75811	24565.86527	27568.11195	27954.10862	5
693	3	31431.94756	24565.86527	34833.45669	28064.00333	5
694	1	34833.45669	21104.90544	39534.75811	31587.46225	5
695	3	31431.94756	28064.00333	34833.45669	31594.14599	5
696	3	24216.23812	27954.10862	27568.11195	31595.96875	5
697	0	29457.079	21089.24871	30934.75811	22246.49774	5
698	0	30934.75811	21089.24871	31431.94756	24565.86527	5
699	0	29457.079	23550.72733	30934.75811	24565.86527	5
700	0	31431.94756	21089.24871	33112.44817	22246.49774	5
701	0	31431.94756	22246.49774	33112.44817	23550.72733	5
702	0	29457.079	22246.49774	30934.75811	23550.72733	5
703	1	35538.55995	31594.14599	39534.75811	37101.59785	5
704	0	37533.45315	11596.49774	39534.75811	13683.96912	5
705	0	32533.77127	11592.48171	37533.45315	13683.96912	5
706	0	32533.77127	13683.96912	39534.75811	17092.7274	5
707	0	50009.27477	27031.39764	51534.69698	29046.65511	5
708	0	48531.22734	27031.39764	50009.27477	29046.65511	5
709	0	41060.24144	27031.39764	42534.75815	29046.65511	5
710	0	39534.75811	27031.39764	41060.24144	29046.65511	5
711	0	37036.04016	39556.34036	44009.75811	41600.40128	5
712	0	35538.55995	39556.34036	37036.04016	41600.40128	5
713	1	39534.75811	17092.7274	51534.69698	21104.90544	5
714	1	34833.45669	17092.7274	39534.75811	21104.90544	5
715	0	47032.11003	25016.34036	51534.69698	27031.39764	5
716	0	39534.75811	25016.34036	44058.47606	27031.39764	5
717	0	45538.8694	21104.90544	51534.69698	25016.34036	5
718	0	39534.75811	21104.90544	45538.8694	25016.34036	5
719	0	45538.8694	25016.34036	47032.11003	27031.39764	5
720	0	44058.47606	25016.34036	45538.8694	27031.39764	5
721	0	44009.75811	37101.59785	51542.88729	39556.34036	5
722	0	35538.55995	37101.59785	44009.75811	39556.34036	5
723	0	48034.75811	11596.49774	52033.45315	13683.96912	5
724	0	41536.00811	11596.49774	48034.75811	13683.96912	5
725	0	39534.75811	11596.49774	41536.00811	13683.96912	5
726	1	51534.69698	23096.49774	54033.20174	24265.39294	5
727	1	39534.75811	33090.08328	54033.20174	37101.59785	5
728	0	51534.69698	28093.09947	54033.20174	33090.08328	5
729	0	48531.22734	29046.65511	51534.69698	33090.08328	5
730	0	42534.75815	29046.65511	48531.22734	33090.08328	5
731	0	39534.75811	29046.65511	42534.75815	33090.08328	5
732	0	47032.11003	27031.39764	48531.22734	29046.65511	5
733	0	42534.75815	27031.39764	47032.11003	29046.65511	5
734	2	51534.69698	24265.39294	54033.20174	28093.09947	5
735	1	51534.69698	17092.7274	54042.24019	20531.85462	5
736	1	51534.69698	20531.85462	54042.24019	23096.49774	5
737	0	48034.75811	13683.96912	54042.24019	17092.7274	5
738	0	39534.75811	13683.96912	48034.75811	17092.7274	5
739	0	52033.45315	11596.49774	54042.24019	13683.96912	5
740	0	54042.24019	13683.96912	56036.00811	20531.85462	5
741	0	54042.24019	11596.49774	56036.00811	13683.96912	5
742	1	54042.24019	20531.85462	56534.70234	23096.49774	5
743	1	54033.20174	23096.49774	56534.70234	24237.98351	5
744	1	54033.20174	24265.39294	56534.70234	33089.6111	5
745	1	54033.20174	33090.08328	56534.70234	37101.59785	5
746	0	53011.04016	39556.34036	57295.81288	41600.40128	5
747	0	51542.88729	39556.34036	53011.04016	41600.40128	5
748	0	44009.75811	39556.34036	50058.47606	41600.40128	5
749	0	50058.47606	39556.34036	51542.88729	41600.40128	5
750	0	51542.88729	37101.59785	57295.81288	39556.34036	5
751	1	56534.70234	33089.6111	60525.81823	37101.59785	5
752	2	57295.81288	37101.59785	60525.81823	41600.40128	5
753	0	59294.79784	31620.27338	60525.81823	33089.6111	5
754	0	56534.70234	30083.87487	59294.79784	33089.6111	5
755	0	59294.79784	30083.87487	60525.81823	31620.27338	5
756	1	56534.70234	20531.85462	60534.75811	23096.49774	5
757	0	56036.00811	11596.49774	60534.75811	20531.85462	5
758	0	1582.203135	17619.30663	3036.929018	19104.26352	6
759	0	1273.842289	15846.23177	3036.929018	17619.30663	6
760	0	967.033153	14082.07924	3036.929018	15846.23177	6
761	0	534.6656083	11595.96586	4534.758109	14082.07924	6
762	0	3036.929018	14082.07924	4534.758109	14593.10544	6
763	0	2013.557567	20099.59462	6535.292983	23096.27035	6
764	0	1840.456506	19104.26352	6535.292983	20099.59462	6
765	0	6535.292983	19104.26352	8534.455079	25094.79885	6
766	0	5049.57103	37108.41741	8549.975783	39361.6788	6
767	0	923.4222714	38589.1192	3319.438769	39361.6788	6
768	0	1057.780464	37108.41741	3319.438769	38589.1192	6
769	0	1581.881881	33080.80579	3319.438769	35575.53605	6
770	0	8534.455079	19568.77798	11333.03397	21096.49774	6
771	0	8534.455079	21096.49774	11333.03397	22640.70409	6
772	1	6535.805501	33096.49774	12534.41012	37108.41741	6
773	1	6535.805501	27095.86214	12534.41012	33096.49774	6
774	1	6535.805501	25094.79885	12534.41012	27095.86214	6
775	0	9736.482247	11591.17855	12534.75811	13149.20117	6
776	0	8534.758109	11591.17855	9736.482247	13149.20117	6
777	0	7333.033971	11591.17855	8534.758109	13149.20117	6
778	0	4534.758109	11596.49774	7333.033971	13149.20117	6
779	0	3036.929018	17098.85281	8534.455079	19104.26352	6
780	0	8534.758109	13149.20117	12534.75811	14593.10544	6
781	0	4534.758109	13149.20117	8534.758109	14593.10544	6
782	0	8534.455079	22640.70409	12534.75811	25094.79885	6
783	0	11333.03397	21096.49774	12534.75811	22640.70409	6
784	0	12534.75811	19568.77798	13736.48225	21096.49774	6
785	0	11333.03397	19568.77798	12534.75811	21096.49774	6
786	0	12534.75811	21096.49774	13736.48225	22640.70409	6
787	0	12534.75811	11591.17855	15333.03397	13149.32084	6
788	0	12534.75811	13149.20117	16534.75811	14593.10544	6
789	0	15333.03397	11591.17855	16534.75811	13149.32084	6
790	1	12534.75811	25094.79885	16538.26998	27095.86214	6
791	0	12534.41012	27095.86214	16538.26998	33096.49774	6
792	0	12534.75811	17098.85281	16538.26998	19568.55392	6
793	0	8534.455079	17098.85281	12534.75811	19568.77798	6
794	0	13736.48225	19568.77798	16538.26998	21096.49774	6
795	0	16538.26998	22660.63607	17736.48225	25094.79885	6
796	0	12534.75811	22640.70409	16538.26998	25094.79885	6
797	0	16538.26998	17098.85281	17736.48225	19568.55392	6
798	0	16538.26998	21096.49774	17736.48225	22660.63607	6
799	0	13736.48225	21096.49774	16538.26998	22660.63607	6
800	0	17734.75811	30096.49774	19035.6353	31491.36393	6
801	0	16538.26998	30096.49774	17734.75811	31491.36393	6
802	0	17734.75811	28569.93672	19035.6353	30096.49774	6
803	0	16538.26998	28569.93672	17734.75811	30096.49774	6
804	0	17736.48225	11591.17855	20535.61281	13149.32084	6
805	0	16534.75811	11591.17855	17736.48225	13149.32084	6
806	0	16534.75811	13149.32084	20535.61281	14593.10544	6
807	0	16538.26998	31491.36393	20536.00811	33096.49774	6
808	0	19035.6353	28569.93672	20546.47176	29417.67791	6
809	0	16538.26998	27095.86214	20546.47176	28569.93672	6
810	0	16538.26998	25094.79885	20546.47176	27095.86214	6
811	0	17736.48225	17098.85281	20546.47176	21096.49774	6
812	0	16538.26998	19568.55392	17736.48225	21096.49774	6
813	0	17736.48225	21096.49774	20546.47176	25094.79885	6
814	0	18011.04016	39556.34036	23534.75811	41600.40128	6
815	0	16542.88439	39556.34036	18011.04016	41600.40128	6
816	0	15058.47606	39556.34036	16542.88439	41600.40128	6
817	0	8549.975783	39556.34036	15058.47606	41600.40128	6
818	0	534.0792317	39361.6788	4559.360979	41600.40128	6
819	0	3319.438769	37108.41741	5049.57103	39361.6788	6
820	0	3319.438769	33080.80579	6535.805501	37108.41741	6
821	0	1315.293818	35575.53605	3319.438769	37108.41741	6
822	2	2015.748012	30089.07087	6535.805501	33080.80579	6
823	0	4559.360979	39361.6788	8549.975783	41600.40128	6
824	0	16542.88439	37108.41741	23534.75811	39556.34036	6
825	0	8549.975783	37108.41741	16542.88439	39556.34036	6
826	1	20536.00811	33096.49774	23534.75811	37107.35794	6
827	1	12534.41012	33096.49774	20536.00811	37108.41741	6
828	1	20536.00811	31595.96875	23534.75811	33096.49774	6
829	1	20535.61281	11591.17855	26534.75811	14646.49774	6
830	1	20535.61281	14646.49774	26534.75811	17096.49774	6
831	1	3036.929018	14593.10544	20535.61281	17098.85281	6
832	0	19035.6353	31246.49774	20536.00811	31491.36393	6
833	1	19035.6353	29417.67791	20546.47176	31246.49774	6
834	1	20546.47176	21096.49774	24216.23812	31594.52229	6
835	1	26534.75811	17096.49774	34833.45669	21089.24871	6
836	1	20546.47176	17096.49774	26534.75811	21096.49774	6
837	0	31431.94756	23550.72733	33112.44817	24565.86527	6
838	0	33112.44817	21089.24871	34833.45669	24565.86527	6
839	0	27568.11195	21089.24871	29457.079	24565.86527	6
840	2	24234.75811	21089.24871	27568.11195	24565.86527	6
841	3	24234.75811	24565.86527	27568.11195	27954.10862	6
842	3	31431.94756	24565.86527	34833.45669	28064.00333	6
843	1	34833.45669	21104.90544	39534.75811	31587.46225	6
844	3	31431.94756	28064.00333	34833.45669	31594.14599	6
845	3	24216.23812	27954.10862	27568.11195	31595.96875	6
846	0	29457.079	21089.24871	30934.75811	22246.49774	6
847	0	30934.75811	21089.24871	31431.94756	24565.86527	6
848	0	29457.079	23550.72733	30934.75811	24565.86527	6
849	0	31431.94756	21089.24871	33112.44817	22246.49774	6
850	0	31431.94756	22246.49774	33112.44817	23550.72733	6
851	0	29457.079	22246.49774	30934.75811	23550.72733	6
852	1	35538.55995	31594.14599	39534.75811	37101.59785	6
853	0	37533.45315	11596.49774	39534.75811	13683.96912	6
854	0	32533.77127	11592.48171	37533.45315	13683.96912	6
855	0	32533.77127	13683.96912	39534.75811	17092.7274	6
856	0	50009.27477	27031.39764	51534.69698	29046.65511	6
857	0	48531.22734	27031.39764	50009.27477	29046.65511	6
858	0	41060.24144	27031.39764	42534.75815	29046.65511	6
859	0	39534.75811	27031.39764	41060.24144	29046.65511	6
860	0	37036.04016	39556.34036	44009.75811	41600.40128	6
861	0	35538.55995	39556.34036	37036.04016	41600.40128	6
862	1	39534.75811	17092.7274	51534.69698	21104.90544	6
863	1	34833.45669	17092.7274	39534.75811	21104.90544	6
864	0	47032.11003	25016.34036	51534.69698	27031.39764	6
865	0	39534.75811	25016.34036	44058.47606	27031.39764	6
866	0	45538.8694	21104.90544	51534.69698	25016.34036	6
867	0	39534.75811	21104.90544	45538.8694	25016.34036	6
868	0	45538.8694	25016.34036	47032.11003	27031.39764	6
869	0	44058.47606	25016.34036	45538.8694	27031.39764	6
870	0	44009.75811	37101.59785	51542.88729	39556.34036	6
871	0	35538.55995	37101.59785	44009.75811	39556.34036	6
872	0	48034.75811	11596.49774	52033.45315	13683.96912	6
873	0	41536.00811	11596.49774	48034.75811	13683.96912	6
874	0	39534.75811	11596.49774	41536.00811	13683.96912	6
875	1	51534.69698	23096.49774	54033.20174	24265.39294	6
876	1	39534.75811	33090.08328	54033.20174	37101.59785	6
877	0	51534.69698	28093.09947	54033.20174	33090.08328	6
878	0	48531.22734	29046.65511	51534.69698	33090.08328	6
879	0	42534.75815	29046.65511	48531.22734	33090.08328	6
880	0	39534.75811	29046.65511	42534.75815	33090.08328	6
881	0	47032.11003	27031.39764	48531.22734	29046.65511	6
882	0	42534.75815	27031.39764	47032.11003	29046.65511	6
883	2	51534.69698	24265.39294	54033.20174	28093.09947	6
884	1	51534.69698	17092.7274	54042.24019	20531.85462	6
885	1	51534.69698	20531.85462	54042.24019	23096.49774	6
886	0	48034.75811	13683.96912	54042.24019	17092.7274	6
887	0	39534.75811	13683.96912	48034.75811	17092.7274	6
888	0	52033.45315	11596.49774	54042.24019	13683.96912	6
889	0	54042.24019	13683.96912	56036.00811	20531.85462	6
890	0	54042.24019	11596.49774	56036.00811	13683.96912	6
891	1	54042.24019	20531.85462	56534.70234	23096.49774	6
892	1	54033.20174	23096.49774	56534.70234	24237.98351	6
893	1	54033.20174	24265.39294	56534.70234	33089.6111	6
894	1	54033.20174	33090.08328	56534.70234	37101.59785	6
895	0	53011.04016	39556.34036	57295.81288	41600.40128	6
896	0	51542.88729	39556.34036	53011.04016	41600.40128	6
897	0	44009.75811	39556.34036	50058.47606	41600.40128	6
898	0	50058.47606	39556.34036	51542.88729	41600.40128	6
899	0	51542.88729	37101.59785	57295.81288	39556.34036	6
900	1	56534.70234	33089.6111	60525.81823	37101.59785	6
901	2	57295.81288	37101.59785	60525.81823	41600.40128	6
902	0	59294.79784	31620.27338	60525.81823	33089.6111	6
903	0	56534.70234	30083.87487	59294.79784	33089.6111	6
904	0	59294.79784	30083.87487	60525.81823	31620.27338	6
905	1	56534.70234	20531.85462	60534.75811	23096.49774	6
906	0	56036.00811	11596.49774	60534.75811	20531.85462	6
907	0	1582.203135	17619.30663	3036.929018	19104.26352	7
908	0	1273.842289	15846.23177	3036.929018	17619.30663	7
909	0	967.033153	14082.07924	3036.929018	15846.23177	7
910	0	534.6656083	11595.96586	4534.758109	14082.07924	7
911	0	3036.929018	14082.07924	4534.758109	14593.10544	7
912	0	2013.557567	20099.59462	6535.292983	23096.27035	7
913	0	1840.456506	19104.26352	6535.292983	20099.59462	7
914	0	6535.292983	19104.26352	8534.455079	25094.79885	7
915	0	5049.57103	37108.41741	8549.975783	39361.6788	7
916	0	923.4222714	38589.1192	3319.438769	39361.6788	7
917	0	1057.780464	37108.41741	3319.438769	38589.1192	7
918	0	1581.881881	33080.80579	3319.438769	35575.53605	7
919	0	8534.455079	19568.77798	11333.03397	21096.49774	7
920	0	8534.455079	21096.49774	11333.03397	22640.70409	7
921	1	6535.805501	33096.49774	12534.41012	37108.41741	7
922	1	6535.805501	27095.86214	12534.41012	33096.49774	7
923	1	6535.805501	25094.79885	12534.41012	27095.86214	7
924	0	9736.482247	11591.17855	12534.75811	13149.20117	7
925	0	8534.758109	11591.17855	9736.482247	13149.20117	7
926	0	7333.033971	11591.17855	8534.758109	13149.20117	7
927	0	4534.758109	11596.49774	7333.033971	13149.20117	7
928	0	3036.929018	17098.85281	8534.455079	19104.26352	7
929	0	8534.758109	13149.20117	12534.75811	14593.10544	7
930	0	4534.758109	13149.20117	8534.758109	14593.10544	7
931	0	8534.455079	22640.70409	12534.75811	25094.79885	7
932	0	11333.03397	21096.49774	12534.75811	22640.70409	7
933	0	12534.75811	19568.77798	13736.48225	21096.49774	7
934	0	11333.03397	19568.77798	12534.75811	21096.49774	7
935	0	12534.75811	21096.49774	13736.48225	22640.70409	7
936	0	12534.75811	11591.17855	15333.03397	13149.32084	7
937	0	12534.75811	13149.20117	16534.75811	14593.10544	7
938	0	15333.03397	11591.17855	16534.75811	13149.32084	7
939	1	12534.75811	25094.79885	16538.26998	27095.86214	7
940	0	12534.41012	27095.86214	16538.26998	33096.49774	7
941	0	12534.75811	17098.85281	16538.26998	19568.55392	7
942	0	8534.455079	17098.85281	12534.75811	19568.77798	7
943	0	13736.48225	19568.77798	16538.26998	21096.49774	7
944	0	16538.26998	22660.63607	17736.48225	25094.79885	7
945	0	12534.75811	22640.70409	16538.26998	25094.79885	7
946	0	16538.26998	17098.85281	17736.48225	19568.55392	7
947	0	16538.26998	21096.49774	17736.48225	22660.63607	7
948	0	13736.48225	21096.49774	16538.26998	22660.63607	7
949	0	17734.75811	30096.49774	19035.6353	31491.36393	7
950	0	16538.26998	30096.49774	17734.75811	31491.36393	7
951	0	17734.75811	28569.93672	19035.6353	30096.49774	7
952	0	16538.26998	28569.93672	17734.75811	30096.49774	7
953	0	17736.48225	11591.17855	20535.61281	13149.32084	7
954	0	16534.75811	11591.17855	17736.48225	13149.32084	7
955	0	16534.75811	13149.32084	20535.61281	14593.10544	7
956	0	16538.26998	31491.36393	20536.00811	33096.49774	7
957	0	19035.6353	28569.93672	20546.47176	29417.67791	7
958	0	16538.26998	27095.86214	20546.47176	28569.93672	7
959	0	16538.26998	25094.79885	20546.47176	27095.86214	7
960	0	17736.48225	17098.85281	20546.47176	21096.49774	7
961	0	16538.26998	19568.55392	17736.48225	21096.49774	7
962	0	17736.48225	21096.49774	20546.47176	25094.79885	7
963	0	18011.04016	39556.34036	23534.75811	41600.40128	7
964	0	16542.88439	39556.34036	18011.04016	41600.40128	7
965	0	15058.47606	39556.34036	16542.88439	41600.40128	7
966	0	8549.975783	39556.34036	15058.47606	41600.40128	7
967	0	534.0792317	39361.6788	4559.360979	41600.40128	7
968	0	3319.438769	37108.41741	5049.57103	39361.6788	7
969	0	3319.438769	33080.80579	6535.805501	37108.41741	7
970	0	1315.293818	35575.53605	3319.438769	37108.41741	7
971	2	2015.748012	30089.07087	6535.805501	33080.80579	7
972	0	4559.360979	39361.6788	8549.975783	41600.40128	7
973	0	16542.88439	37108.41741	23534.75811	39556.34036	7
974	0	8549.975783	37108.41741	16542.88439	39556.34036	7
975	1	20536.00811	33096.49774	23534.75811	37107.35794	7
976	1	12534.41012	33096.49774	20536.00811	37108.41741	7
977	1	20536.00811	31595.96875	23534.75811	33096.49774	7
978	1	20535.61281	11591.17855	26534.75811	14646.49774	7
979	1	20535.61281	14646.49774	26534.75811	17096.49774	7
980	1	3036.929018	14593.10544	20535.61281	17098.85281	7
981	0	19035.6353	31246.49774	20536.00811	31491.36393	7
982	1	19035.6353	29417.67791	20546.47176	31246.49774	7
983	1	20546.47176	21096.49774	24216.23812	31594.52229	7
984	1	26534.75811	17096.49774	34833.45669	21089.24871	7
985	1	20546.47176	17096.49774	26534.75811	21096.49774	7
986	0	31431.94756	23550.72733	33112.44817	24565.86527	7
987	0	33112.44817	21089.24871	34833.45669	24565.86527	7
988	0	27568.11195	21089.24871	29457.079	24565.86527	7
989	2	24234.75811	21089.24871	27568.11195	24565.86527	7
990	3	24234.75811	24565.86527	27568.11195	27954.10862	7
991	3	31431.94756	24565.86527	34833.45669	28064.00333	7
992	1	34833.45669	21104.90544	39534.75811	31587.46225	7
993	3	31431.94756	28064.00333	34833.45669	31594.14599	7
994	3	24216.23812	27954.10862	27568.11195	31595.96875	7
995	0	29457.079	21089.24871	30934.75811	22246.49774	7
996	0	30934.75811	21089.24871	31431.94756	24565.86527	7
997	0	29457.079	23550.72733	30934.75811	24565.86527	7
998	0	31431.94756	21089.24871	33112.44817	22246.49774	7
999	0	31431.94756	22246.49774	33112.44817	23550.72733	7
1000	0	29457.079	22246.49774	30934.75811	23550.72733	7
1001	1	35538.55995	31594.14599	39534.75811	37101.59785	7
1002	0	37533.45315	11596.49774	39534.75811	13683.96912	7
1003	0	32533.77127	11592.48171	37533.45315	13683.96912	7
1004	0	32533.77127	13683.96912	39534.75811	17092.7274	7
1005	0	50009.27477	27031.39764	51534.69698	29046.65511	7
1006	0	48531.22734	27031.39764	50009.27477	29046.65511	7
1007	0	41060.24144	27031.39764	42534.75815	29046.65511	7
1008	0	39534.75811	27031.39764	41060.24144	29046.65511	7
1009	0	37036.04016	39556.34036	44009.75811	41600.40128	7
1010	0	35538.55995	39556.34036	37036.04016	41600.40128	7
1011	1	39534.75811	17092.7274	51534.69698	21104.90544	7
1012	1	34833.45669	17092.7274	39534.75811	21104.90544	7
1013	0	47032.11003	25016.34036	51534.69698	27031.39764	7
1014	0	39534.75811	25016.34036	44058.47606	27031.39764	7
1015	0	45538.8694	21104.90544	51534.69698	25016.34036	7
1016	0	39534.75811	21104.90544	45538.8694	25016.34036	7
1017	0	45538.8694	25016.34036	47032.11003	27031.39764	7
1018	0	44058.47606	25016.34036	45538.8694	27031.39764	7
1019	0	44009.75811	37101.59785	51542.88729	39556.34036	7
1020	0	35538.55995	37101.59785	44009.75811	39556.34036	7
1021	0	48034.75811	11596.49774	52033.45315	13683.96912	7
1022	0	41536.00811	11596.49774	48034.75811	13683.96912	7
1023	0	39534.75811	11596.49774	41536.00811	13683.96912	7
1024	1	51534.69698	23096.49774	54033.20174	24265.39294	7
1025	1	39534.75811	33090.08328	54033.20174	37101.59785	7
1026	0	51534.69698	28093.09947	54033.20174	33090.08328	7
1027	0	48531.22734	29046.65511	51534.69698	33090.08328	7
1028	0	42534.75815	29046.65511	48531.22734	33090.08328	7
1029	0	39534.75811	29046.65511	42534.75815	33090.08328	7
1030	0	47032.11003	27031.39764	48531.22734	29046.65511	7
1031	0	42534.75815	27031.39764	47032.11003	29046.65511	7
1032	2	51534.69698	24265.39294	54033.20174	28093.09947	7
1033	1	51534.69698	17092.7274	54042.24019	20531.85462	7
1034	1	51534.69698	20531.85462	54042.24019	23096.49774	7
1035	0	48034.75811	13683.96912	54042.24019	17092.7274	7
1036	0	39534.75811	13683.96912	48034.75811	17092.7274	7
1037	0	52033.45315	11596.49774	54042.24019	13683.96912	7
1038	0	54042.24019	13683.96912	56036.00811	20531.85462	7
1039	0	54042.24019	11596.49774	56036.00811	13683.96912	7
1040	1	54042.24019	20531.85462	56534.70234	23096.49774	7
1041	1	54033.20174	23096.49774	56534.70234	24237.98351	7
1042	1	54033.20174	24265.39294	56534.70234	33089.6111	7
1043	1	54033.20174	33090.08328	56534.70234	37101.59785	7
1044	0	53011.04016	39556.34036	57295.81288	41600.40128	7
1045	0	51542.88729	39556.34036	53011.04016	41600.40128	7
1046	0	44009.75811	39556.34036	50058.47606	41600.40128	7
1047	0	50058.47606	39556.34036	51542.88729	41600.40128	7
1048	0	51542.88729	37101.59785	57295.81288	39556.34036	7
1049	1	56534.70234	33089.6111	60525.81823	37101.59785	7
1050	2	57295.81288	37101.59785	60525.81823	41600.40128	7
1051	0	59294.79784	31620.27338	60525.81823	33089.6111	7
1052	0	56534.70234	30083.87487	59294.79784	33089.6111	7
1053	0	59294.79784	30083.87487	60525.81823	31620.27338	7
1054	1	56534.70234	20531.85462	60534.75811	23096.49774	7
1055	0	56036.00811	11596.49774	60534.75811	20531.85462	7
1056	0	1582.203135	17619.30663	3036.929018	19104.26352	8
1057	0	1273.842289	15846.23177	3036.929018	17619.30663	8
1058	0	967.033153	14082.07924	3036.929018	15846.23177	8
1059	0	534.6656083	11595.96586	4534.758109	14082.07924	8
1060	0	3036.929018	14082.07924	4534.758109	14593.10544	8
1061	0	2013.557567	20099.59462	6535.292983	23096.27035	8
1062	0	1840.456506	19104.26352	6535.292983	20099.59462	8
1063	0	6535.292983	19104.26352	8534.455079	25094.79885	8
1064	0	5049.57103	37108.41741	8549.975783	39361.6788	8
1065	0	923.4222714	38589.1192	3319.438769	39361.6788	8
1066	0	1057.780464	37108.41741	3319.438769	38589.1192	8
1067	0	1581.881881	33080.80579	3319.438769	35575.53605	8
1068	0	8534.455079	19568.77798	11333.03397	21096.49774	8
1069	0	8534.455079	21096.49774	11333.03397	22640.70409	8
1070	1	6535.805501	33096.49774	12534.41012	37108.41741	8
1071	1	6535.805501	27095.86214	12534.41012	33096.49774	8
1072	1	6535.805501	25094.79885	12534.41012	27095.86214	8
1073	0	9736.482247	11591.17855	12534.75811	13149.20117	8
1074	0	8534.758109	11591.17855	9736.482247	13149.20117	8
1075	0	7333.033971	11591.17855	8534.758109	13149.20117	8
1076	0	4534.758109	11596.49774	7333.033971	13149.20117	8
1077	0	3036.929018	17098.85281	8534.455079	19104.26352	8
1078	0	8534.758109	13149.20117	12534.75811	14593.10544	8
1079	0	4534.758109	13149.20117	8534.758109	14593.10544	8
1080	0	8534.455079	22640.70409	12534.75811	25094.79885	8
1081	0	11333.03397	21096.49774	12534.75811	22640.70409	8
1082	0	12534.75811	19568.77798	13736.48225	21096.49774	8
1083	0	11333.03397	19568.77798	12534.75811	21096.49774	8
1084	0	12534.75811	21096.49774	13736.48225	22640.70409	8
1085	0	12534.75811	11591.17855	15333.03397	13149.32084	8
1086	0	12534.75811	13149.20117	16534.75811	14593.10544	8
1087	0	15333.03397	11591.17855	16534.75811	13149.32084	8
1088	1	12534.75811	25094.79885	16538.26998	27095.86214	8
1089	0	12534.41012	27095.86214	16538.26998	33096.49774	8
1090	0	12534.75811	17098.85281	16538.26998	19568.55392	8
1091	0	8534.455079	17098.85281	12534.75811	19568.77798	8
1092	0	13736.48225	19568.77798	16538.26998	21096.49774	8
1093	0	16538.26998	22660.63607	17736.48225	25094.79885	8
1094	0	12534.75811	22640.70409	16538.26998	25094.79885	8
1095	0	16538.26998	17098.85281	17736.48225	19568.55392	8
1096	0	16538.26998	21096.49774	17736.48225	22660.63607	8
1097	0	13736.48225	21096.49774	16538.26998	22660.63607	8
1098	0	17734.75811	30096.49774	19035.6353	31491.36393	8
1099	0	16538.26998	30096.49774	17734.75811	31491.36393	8
1100	0	17734.75811	28569.93672	19035.6353	30096.49774	8
1101	0	16538.26998	28569.93672	17734.75811	30096.49774	8
1102	0	17736.48225	11591.17855	20535.61281	13149.32084	8
1103	0	16534.75811	11591.17855	17736.48225	13149.32084	8
1104	0	16534.75811	13149.32084	20535.61281	14593.10544	8
1105	0	16538.26998	31491.36393	20536.00811	33096.49774	8
1106	0	19035.6353	28569.93672	20546.47176	29417.67791	8
1107	0	16538.26998	27095.86214	20546.47176	28569.93672	8
1108	0	16538.26998	25094.79885	20546.47176	27095.86214	8
1109	0	17736.48225	17098.85281	20546.47176	21096.49774	8
1110	0	16538.26998	19568.55392	17736.48225	21096.49774	8
1111	0	17736.48225	21096.49774	20546.47176	25094.79885	8
1112	0	18011.04016	39556.34036	23534.75811	41600.40128	8
1113	0	16542.88439	39556.34036	18011.04016	41600.40128	8
1114	0	15058.47606	39556.34036	16542.88439	41600.40128	8
1115	0	8549.975783	39556.34036	15058.47606	41600.40128	8
1116	0	534.0792317	39361.6788	4559.360979	41600.40128	8
1117	0	3319.438769	37108.41741	5049.57103	39361.6788	8
1118	0	3319.438769	33080.80579	6535.805501	37108.41741	8
1119	0	1315.293818	35575.53605	3319.438769	37108.41741	8
1120	2	2015.748012	30089.07087	6535.805501	33080.80579	8
1121	0	4559.360979	39361.6788	8549.975783	41600.40128	8
1122	0	16542.88439	37108.41741	23534.75811	39556.34036	8
1123	0	8549.975783	37108.41741	16542.88439	39556.34036	8
1124	1	20536.00811	33096.49774	23534.75811	37107.35794	8
1125	1	12534.41012	33096.49774	20536.00811	37108.41741	8
1126	1	20536.00811	31595.96875	23534.75811	33096.49774	8
1127	1	20535.61281	11591.17855	26534.75811	14646.49774	8
1128	1	20535.61281	14646.49774	26534.75811	17096.49774	8
1129	1	3036.929018	14593.10544	20535.61281	17098.85281	8
1130	0	19035.6353	31246.49774	20536.00811	31491.36393	8
1131	1	19035.6353	29417.67791	20546.47176	31246.49774	8
1132	1	20546.47176	21096.49774	24216.23812	31594.52229	8
1133	1	26534.75811	17096.49774	34833.45669	21089.24871	8
1134	1	20546.47176	17096.49774	26534.75811	21096.49774	8
1135	0	31431.94756	23550.72733	33112.44817	24565.86527	8
1136	0	33112.44817	21089.24871	34833.45669	24565.86527	8
1137	0	27568.11195	21089.24871	29457.079	24565.86527	8
1138	2	24234.75811	21089.24871	27568.11195	24565.86527	8
1139	3	24234.75811	24565.86527	27568.11195	27954.10862	8
1140	3	31431.94756	24565.86527	34833.45669	28064.00333	8
1141	1	34833.45669	21104.90544	39534.75811	31587.46225	8
1142	3	31431.94756	28064.00333	34833.45669	31594.14599	8
1143	3	24216.23812	27954.10862	27568.11195	31595.96875	8
1144	0	29457.079	21089.24871	30934.75811	22246.49774	8
1145	0	30934.75811	21089.24871	31431.94756	24565.86527	8
1146	0	29457.079	23550.72733	30934.75811	24565.86527	8
1147	0	31431.94756	21089.24871	33112.44817	22246.49774	8
1148	0	31431.94756	22246.49774	33112.44817	23550.72733	8
1149	0	29457.079	22246.49774	30934.75811	23550.72733	8
1150	1	35538.55995	31594.14599	39534.75811	37101.59785	8
1151	0	37533.45315	11596.49774	39534.75811	13683.96912	8
1152	0	32533.77127	11592.48171	37533.45315	13683.96912	8
1153	0	32533.77127	13683.96912	39534.75811	17092.7274	8
1154	0	50009.27477	27031.39764	51534.69698	29046.65511	8
1155	0	48531.22734	27031.39764	50009.27477	29046.65511	8
1156	0	41060.24144	27031.39764	42534.75815	29046.65511	8
1157	0	39534.75811	27031.39764	41060.24144	29046.65511	8
1158	0	37036.04016	39556.34036	44009.75811	41600.40128	8
1159	0	35538.55995	39556.34036	37036.04016	41600.40128	8
1160	1	39534.75811	17092.7274	51534.69698	21104.90544	8
1161	1	34833.45669	17092.7274	39534.75811	21104.90544	8
1162	0	47032.11003	25016.34036	51534.69698	27031.39764	8
1163	0	39534.75811	25016.34036	44058.47606	27031.39764	8
1164	0	45538.8694	21104.90544	51534.69698	25016.34036	8
1165	0	39534.75811	21104.90544	45538.8694	25016.34036	8
1166	0	45538.8694	25016.34036	47032.11003	27031.39764	8
1167	0	44058.47606	25016.34036	45538.8694	27031.39764	8
1168	0	44009.75811	37101.59785	51542.88729	39556.34036	8
1169	0	35538.55995	37101.59785	44009.75811	39556.34036	8
1170	0	48034.75811	11596.49774	52033.45315	13683.96912	8
1171	0	41536.00811	11596.49774	48034.75811	13683.96912	8
1172	0	39534.75811	11596.49774	41536.00811	13683.96912	8
1173	1	51534.69698	23096.49774	54033.20174	24265.39294	8
1174	1	39534.75811	33090.08328	54033.20174	37101.59785	8
1175	0	51534.69698	28093.09947	54033.20174	33090.08328	8
1176	0	48531.22734	29046.65511	51534.69698	33090.08328	8
1177	0	42534.75815	29046.65511	48531.22734	33090.08328	8
1178	0	39534.75811	29046.65511	42534.75815	33090.08328	8
1179	0	47032.11003	27031.39764	48531.22734	29046.65511	8
1180	0	42534.75815	27031.39764	47032.11003	29046.65511	8
1181	2	51534.69698	24265.39294	54033.20174	28093.09947	8
1182	1	51534.69698	17092.7274	54042.24019	20531.85462	8
1183	1	51534.69698	20531.85462	54042.24019	23096.49774	8
1184	0	48034.75811	13683.96912	54042.24019	17092.7274	8
1185	0	39534.75811	13683.96912	48034.75811	17092.7274	8
1186	0	52033.45315	11596.49774	54042.24019	13683.96912	8
1187	0	54042.24019	13683.96912	56036.00811	20531.85462	8
1188	0	54042.24019	11596.49774	56036.00811	13683.96912	8
1189	1	54042.24019	20531.85462	56534.70234	23096.49774	8
1190	1	54033.20174	23096.49774	56534.70234	24237.98351	8
1191	1	54033.20174	24265.39294	56534.70234	33089.6111	8
1192	1	54033.20174	33090.08328	56534.70234	37101.59785	8
1193	0	53011.04016	39556.34036	57295.81288	41600.40128	8
1194	0	51542.88729	39556.34036	53011.04016	41600.40128	8
1195	0	44009.75811	39556.34036	50058.47606	41600.40128	8
1196	0	50058.47606	39556.34036	51542.88729	41600.40128	8
1197	0	51542.88729	37101.59785	57295.81288	39556.34036	8
1198	1	56534.70234	33089.6111	60525.81823	37101.59785	8
1199	2	57295.81288	37101.59785	60525.81823	41600.40128	8
1200	0	59294.79784	31620.27338	60525.81823	33089.6111	8
1201	0	56534.70234	30083.87487	59294.79784	33089.6111	8
1202	0	59294.79784	30083.87487	60525.81823	31620.27338	8
1203	1	56534.70234	20531.85462	60534.75811	23096.49774	8
1204	0	56036.00811	11596.49774	60534.75811	20531.85462	8