0	3	21	3546.742875	40275.26909	1
1	21	9	8582.049078	40275.26909	1
2	9	47	10593.34333	38902.19188	1
3	47	46	12600.28305	38990.63371	1
4	47	15	11518.72504	37777.51534	1
5	13	15	10621.59237	35808.96186	1
6	12	15	10621.59237	32998.33625	1
7	21	23	12603.22955	45204.90482	1
8	23	25	13271.70997	44023.53535	1
9	23	24	15240.89318	44023.53535	1
10	21	38	12603.22955	40998.01392	1
11	45	-1	19115.05349	46274.43223	1
12	45	39	17317.1676	44013.46242	1
13	38	49	18594.03626	40957.69917	1
14	49	116	20594.17781	42494.26137	1
15	46	79	20594.14445	39771.34931	1
16	46	78	20594.14445	38622.67708	1
17	79	78	22122.95754	39262.81103	1
18	79	86	23587.45376	40608.85713	1
19	115	117	26579.48376	42664.47428	1
20	114	120	28603.50717	45734.62384	1
21	120	117	30390.04062	44273.73829	1
22	117	86	29495.42167	41793.37029	1
23	121	86	33540.06562	41793.37029	1
24	119	121	33037.20452	44722.07652	1
25	118	121	35188.3543	44722.07652	1
26	86	85	35590.33924	40401.2828	1
27	85	111	39602.51642	39811.83952	1
28	86	73	29428.17385	39262.81103	1
29	85	88	37547.43301	37765.57279	1
30	73	-1	29354.13814	36275.02034	1
31	78	58	23587.45376	34557.47617	1
32	78	57	23587.45376	31039.50836	1
33	78	62	23587.45376	27456.88257	1
34	72	88	35590.33924	34401.89982	1
35	71	88	35590.33924	31019.33501	1
36	46	26	15818.61039	37777.51534	1
37	51	78	20602.30593	35483.39982	1
38	48	51	20024.58735	35968.56142	1
39	41	48	19093.77164	37070.47982	1
40	41	44	18579.92955	36252.03675	1
41	41	35	17343.5104	36252.03675	1
42	27	26	14099.44239	37265.83663	1
43	22	28	13594.30796	34771.7122	1
44	15	28	12600.28305	32435.18295	1
45	11	15	10621.59237	30422.04322	1
46	15	53	12600.28305	30651.36881	1
47	10	6	7305.719407	25774.98378	1
48	2	6	6592.115204	24558.72592	1
49	1	5	6592.115204	20499.71254	1
50	6	5	7580.874226	21775.8982	1
51	5	34	8592.894447	20768.0026	1
52	5	7	7600.757203	19774.94397	1
53	0	7	6592.115204	19097.63257	1
54	0	4	6592.115204	17168.12975	1
55	4	8	7385.016815	17760.93011	1
56	34	30	9540.112368	19772.02679	1
57	30	14	9952.471545	17831.93562	1
58	30	33	12151.33393	17831.93562	1
59	34	29	13564.22704	19772.02679	1
60	34	64	16592.89445	20751.90566	1
61	29	32	13937.33318	17827.96415	1
62	29	31	16152.4626	17827.96415	1
63	18	17	10410.70963	23274.81593	1
64	18	37	12600.28305	23996.49807	1
65	16	37	12600.28305	22757.96242	1
66	37	34	15542.25876	21775.8982	1
67	19	55	12600.28305	26465.19468	1
68	20	55	12600.28305	28382.92611	1
69	36	54	17050.11519	24260.0179	1
70	54	56	17794.61859	23107.3168	1
71	56	77	20602.30593	24885.58884	1
72	55	78	20602.30593	26597.6863	1
73	52	78	20602.30593	30500.82904	1
74	43	40	17323.46316	33248.23844	1
75	42	40	18556.86701	33248.23844	1
76	40	50	19093.77164	32466.84872	1
77	51	50	20008.91916	34081.68103	1
78	64	-1	22601.78577	16320.89404	1
79	77	64	22287.65988	21775.8982	1
80	78	77	22196.95924	25772.11524	1
81	77	80	23587.45376	23937.18224	1
82	80	64	25008.67331	21775.8982	1
83	63	-1	29528.50537	16320.89404	1
84	75	74	34776.42703	18768.45177	1
85	74	82	36592.33104	16849.0061	1
86	83	81	38971.39682	17808.83166	1
87	82	81	38591.14006	18293.11866	1
88	75	84	37585.19764	19243.02695	1
89	75	76	36953.87395	21772.81887	1
90	80	76	34889.32414	23849.09647	1
91	76	93	39593.3218	23876.71118	1
92	61	80	28646.85843	25763.14323	1
93	61	68	29527.26854	26464.43447	1
94	61	66	29527.26854	27673.25173	1
95	61	60	29527.26854	28831.7388	1
96	59	80	31408.16684	25763.14323	1
97	69	80	34040.20144	25763.14323	1
98	70	69	33170.81478	28786.59617	1
99	65	69	33170.81478	27670.17574	1
100	67	69	33170.81478	26486.36631	1
101	87	76	37363.42237	25763.14323	1
102	88	87	37457.25558	29238.73704	1
103	93	89	40629.84496	21772.81887	1
104	97	91	43132.06732	18361.53405	1
105	97	95	46457.61831	18361.53405	1
106	97	142	48091.22778	19344.09533	1
107	95	142	48091.22778	17153.77939	1
108	93	97	44321.05672	21772.81887	1
109	93	96	45592.89445	22518.67824	1
110	94	93	42283.04665	25774.78778	1
111	93	103	45592.89445	24610.72986	1
112	103	96	46927.19073	23210.42684	1
113	109	103	48044.25294	25774.78778	1
114	104	142	49019.12751	20168.51558	1
115	104	143	54089.75147	20880.66903	1
116	143	142	56624.50185	20168.51558	1
117	142	-1	60593.23691	17774.84224	1
118	106	141	55196.48302	27688.00268	1
119	141	143	56629.59031	25210.48117	1
120	105	103	52830.17109	25774.78778	1
121	103	141	54089.75147	25528.03499	1
122	105	141	54092.89445	26873.14217	1
123	108	109	50819.15996	31712.96009	1
124	98	109	46427.23528	31712.96009	1
125	98	94	44616.24446	31712.96009	1
126	90	98	43042.47938	33880.48693	1
127	92	99	44601.60611	35494.99978	1
128	111	99	45397.84498	37765.57279	1
129	99	98	46359.28879	34768.69957	1
130	99	100	48587.69954	35666.57469	1
131	102	100	49616.64177	36395.61417	1
132	101	100	51122.40803	36395.61417	1
133	111	110	52606.1282	37765.57279	1
134	110	107	52298.25849	34768.69957	1
135	111	112	59140.46425	37765.57279	1
136	112	-1	59115.06046	34768.69957	1
137	112	-1	60591.82304	36635.79922	1
138	113	-1	60591.82304	42434.97705	1
139	113	111	58101.26181	41777.90757	1
140	140	111	55558.70509	41777.90757	1
141	137	140	56642.03776	44722.04398	1
142	138	140	55053.25299	44722.07652	1
143	132	135	53815.56721	44722.04398	1
144	139	135	52084.66642	44722.04398	1
145	135	111	52553.22151	41777.90757	1
146	133	136	50730.85204	44722.04398	1
147	134	136	49032.95483	44722.07652	1
148	136	111	49693.55627	41777.90757	1
149	128	131	47750.95889	44722.07652	1
150	129	131	46027.00085	44722.04398	1
151	131	111	46699.79552	41777.90757	1
152	126	130	42583.65165	44478.31495	1
153	123	126	42051.49886	44955.36763	1
154	126	127	42583.65165	42700.20177	1
155	126	111	41001.89931	41777.90757	1
156	124	126	40598.23602	44955.36763	1
157	125	126	39602.51642	44487.04889	1
158	122	126	39602.51642	42623.4434	1
159	209	149	2309.993894	40293.29439	2
160	209	210	3979.18654	40293.29439	2
161	149	210	3468.655993	39872.46926	2
162	149	148	2672.175218	39514.34651	2
163	216	215	7808.903043	40293.29439	2
164	210	215	5184.870297	39564.30834	2
165	212	214	2711.716092	36516.05337	2
166	211	198	6683.403941	37342.43638	2
167	215	198	7705.7293	38031.89025	2
168	211	214	5019.641916	36516.05337	2
169	219	217	12238.6045	40487.82164	2
170	208	217	9793.254852	40487.82164	2
171	217	198	11615.55422	38031.89025	2
172	198	197	12688.35033	36098.82735	2
173	198	163	9493.008458	34028.11332	2
174	213	163	6683.403941	31885.26322	2
175	218	220	14027.94526	40501.03773	2
176	223	220	16194.2815	40501.03773	2
177	222	224	17105.60376	40501.03773	2
178	220	197	15659.1886	38031.89025	2
179	221	224	19510.05274	40501.03773	2
180	207	229	21681.89975	42045.29446	2
181	225	305	22693.09325	38031.89025	2
182	207	225	21160.78457	41026.83127	2
183	228	227	25686.05092	42070.70725	2
184	227	230	26185.41622	41026.83127	2
185	230	304	25727.39652	38031.89025	2
186	233	234	28943.94828	40503.14885	2
187	255	234	32199.91276	40503.14885	2
188	234	304	31603.5602	38031.89025	2
189	251	256	35288.25095	40501.0393	2
190	254	256	39231.2232	40501.0393	2
191	256	303	38645.32106	38031.89025	2
192	269	278	40111.12785	40501.0393	2
193	268	278	43642.34971	40501.0393	2
194	278	302	44776.46848	38031.89025	2
195	267	277	47885.26126	40501.03773	2
196	293	277	51191.7977	40501.03773	2
197	277	302	50646.07667	38031.89025	2
198	292	294	52100.07048	40501.03773	2
199	291	294	55420.43171	40501.03773	2
200	294	301	56506.2471	38031.89025	2
201	309	301	59887.52959	38031.89025	2
202	302	301	54185.72568	35975.7352	2
203	301	290	55400.90492	34021.22668	2
204	295	300	59456.94473	32103.40961	2
205	290	295	56684.12675	31903.88737	2
206	295	298	59456.94473	33338.58466	2
207	296	290	54185.72568	33272.56123	2
208	276	288	51683.62795	30063.9352	2
209	266	280	49133.00534	33664.53533	2
210	302	266	47213.9479	34023.82107	2
211	266	264	46966.6652	32662.11784	2
212	266	265	48880.86845	32662.11784	2
213	265	279	49133.00534	31833.59229	2
214	264	265	48677.32324	31822.35445	2
215	264	289	47570.27004	31024.30798	2
216	264	261	46110.7274	31024.30798	2
217	289	276	48677.32324	28683.7327	2
218	276	271	50829.36409	27962.81762	2
219	289	271	47511.47819	27962.81762	2
220	261	289	46683.97533	29702.12079	2
221	261	272	45586.85405	27962.81762	2
222	262	261	44683.97533	29676.88876	2
223	308	262	42687.30913	28725.4858	2
224	262	273	43778.90655	27963.71573	2
225	308	273	40507.62484	27963.71573	2
226	273	274	42108.39115	24526.83127	2
227	271	275	49124.12531	24526.83127	2
228	307	266	45683.22342	33257.5651	2
229	287	286	52928.7264	25169.59909	2
230	286	290	54178.61333	23543.66481	2
231	286	284	53003.32153	21463.11332	2
232	270	286	51683.62795	21679.39145	2
233	270	284	51683.62795	19804.98985	2
234	284	285	53153.06842	18023.1965	2
235	258	270	39683.97533	20008.58119	2
236	270	263	40679.40438	18023.1965	2
237	258	257	38676.74292	18023.1965	2
238	252	258	37237.43112	22020.98928	2
239	253	252	37815.74409	25474.14878	2
240	303	302	39683.97533	36269.84941	2
241	303	253	37560.86547	34024.5855	2
242	304	303	35689.39052	36925.77922	2
243	305	304	23683.44924	36900.99231	2
244	197	305	20685.22533	36176.36524	2
245	305	299	22177.19375	34028.11332	2
246	163	165	12688.35033	33048.17266	2
247	163	164	12688.35033	29908.67519	2
248	163	173	9467.304124	28027.68779	2
249	165	175	15482.2512	33376.67009	2
250	175	174	16194.718	32525.48771	2
251	199	185	17428.71775	32525.48771	2
252	199	184	18599.3174	32525.48771	2
253	200	201	20166.34846	32224.04582	2
254	201	299	20687.61922	31709.31553	2
255	201	206	20110.8739	30349.29349	2
256	183	180	16247.28174	29501.18211	2
257	164	180	15482.2512	28831.23701	2
258	182	179	17434.83073	29501.18211	2
259	181	179	18623.03497	29501.18211	2
260	179	206	19139.2819	28769.66849	2
261	173	172	12683.97533	27058.99481	2
262	173	162	11696.46056	26026.44077	2
263	172	191	15600.06663	26026.44077	2
264	205	299	20687.61922	26827.45035	2
265	204	299	20687.61922	25086.34321	2
266	204	203	17121.84104	23586.93653	2
267	204	202	18957.41482	23586.93653	2
268	191	190	13083.34678	23572.31967	2
269	162	161	12221.7325	23572.31967	2
270	162	156	9922.047331	23572.31967	2
271	191	192	15323.12684	23572.31967	2
272	189	178	12235.32676	20500.40989	2
273	188	177	13134.78373	20500.40989	2
274	170	177	15472.11712	20500.40989	2
275	187	176	17156.1522	20500.40989	2
276	177	196	15719.2937	18030.46839	2
277	186	246	20684.83003	21106.72599	2
278	176	186	17885.69947	19391.8683	2
279	178	196	11755.06068	18030.46839	2
280	171	178	10139.29876	20500.40989	2
281	153	152	7834.814864	20035.8791	2
282	151	150	5922.836148	21031.2102	2
283	147	150	3183.975333	19880.77953	2
284	147	146	2191.042395	18551.08716	2
285	150	152	6683.403941	19060.11319	2
286	152	196	7795.703229	18030.46839	2
287	145	144	1849.302649	15011.72445	2
288	196	155	3921.262937	15524.72102	2
289	196	154	7755.311634	15524.72102	2
290	196	167	11765.95236	15524.72102	2
291	196	166	15684.91922	15524.72102	2
292	196	195	19851.02035	15524.72102	2
293	196	226	20684.83003	16822.67268	2
294	299	246	22155.88293	22028.11332	2
295	246	226	23478.66025	18023.1965	2
296	246	245	26683.97533	20187.80144	2
297	154	159	6063.391802	14081.05713	2
298	154	160	8223.92542	14081.05713	2
299	167	158	9158.223148	14081.05713	2
300	167	157	11399.20558	14081.05713	2
301	144	155	3183.975333	13806.76512	2
302	166	168	13976.01025	14081.07342	2
303	166	169	16214.35842	14081.07342	2
304	195	194	17105.74668	14081.07342	2
305	195	193	19237.84585	14081.07342	2
306	299	242	23673.18054	30723.54947	2
307	299	231	23673.18054	27149.79062	2
308	299	239	23673.18054	23865.55805	2
309	306	241	29518.97976	32527.79987	2
310	238	245	28732.60459	22020.98928	2
311	238	232	29606.21628	22740.53077	2
312	238	240	29606.21628	23942.18617	2
313	238	237	29606.21628	25049.19042	2
314	249	253	35689.07404	30799.15981	2
315	248	253	35689.07404	27266.77133	2
316	236	245	31478.79181	22020.98928	2
317	235	247	33261.73439	25024.53296	2
318	244	247	33261.73439	23943.36518	2
319	243	247	33261.73439	22732.56466	2
320	247	245	34135.42784	22020.98928	2
321	245	258	34937.37167	20224.3805	2
322	257	260	39087.88988	14600.84283	2
323	257	250	35084.04416	14600.84283	2
324	263	259	40245.99927	14600.84283	2
325	263	283	45248.8776	14600.84283	2
326	285	281	50030.88561	14597.5872	2
327	285	282	53606.30416	14597.5872	2
328	310	297	58689.31393	21463.11332	2
329	384	315	3781.917358	14593.10544	3
330	315	314	3781.92561	14082.07924	3
331	314	313	1638.080354	14082.07924	3
332	384	334	7741.031919	14593.10544	3
333	334	330	8034.828241	13149.20117	3
334	334	331	5924.836324	13149.20117	3
335	333	329	8849.445304	13149.20117	3
336	384	333	11897.26367	14593.10544	3
337	333	328	11122.70955	13149.20117	3
338	384	341	15827.65968	14593.10544	3
339	341	342	16068.03858	13149.20117	3
340	341	340	13904.629	13149.20117	3
341	384	359	19382.59091	14593.10544	3
342	359	358	17005.51138	13149.32084	3
343	359	357	19075.44011	13149.32084	3
344	383	382	23465.97623	14646.49774	3
345	384	383	20535.61281	15989.89384	3
346	389	383	23465.97623	17096.49774	3
347	364	389	20546.47176	20183.16461	3
348	350	364	17736.48225	18466.18766	3
349	365	350	17151.14742	19568.55392	3
350	345	384	15535.08718	17098.85281	3
351	346	384	11477.74455	17098.85281	3
352	323	346	9861.684547	19568.77798	3
353	347	345	15088.09196	19568.77798	3
354	338	346	11959.12427	19568.77798	3
355	337	345	13128.18906	19568.77798	3
356	332	384	7695.476056	17098.85281	3
357	318	332	7557.938994	19104.26352	3
358	316	317	5529.267801	20099.59462	3
359	317	332	4881.257858	19104.26352	3
360	317	311	2399.82176	19104.26352	3
361	311	332	3036.929018	18415.86233	3
362	311	312	2227.199998	17619.30663	3
363	335	336	11947.03817	22640.70409	3
364	349	339	13092.92613	22640.70409	3
365	335	324	10001.19042	22640.70409	3
366	349	352	15125.2558	22640.70409	3
367	327	335	11276.80173	25094.79885	3
368	343	349	15730.63045	25094.79885	3
369	387	389	22476.28741	21096.49774	3
370	363	387	20546.47176	26022.45153	3
371	366	387	20546.47176	24295.23198	3
372	348	366	17736.48225	23949.78807	3
373	348	351	17080.34454	22660.63607	3
374	327	343	12534.41012	26110.95198	3
375	386	387	20546.47176	30327.81632	3
376	387	398	24216.23812	29772.96571	3
377	387	394	24216.23812	26332.89226	3
378	387	393	24216.23812	22670.87853	3
379	385	386	19773.87926	31246.49774	3
380	360	385	19773.87926	31491.36393	3
381	386	361	19779.28659	29417.67791	3
382	361	362	19765.55632	28569.93672	3
383	356	362	17280.38346	28569.93672	3
384	360	354	17266.65319	31491.36393	3
385	360	353	18598.48627	31491.36393	3
386	355	362	18543.56542	28569.93672	3
387	381	387	22244.36042	31595.96875	3
388	379	381	21979.71903	33096.49774	3
389	377	379	21949.46948	37108.41741	3
390	380	379	20536.00811	35109.35755	3
391	378	380	14893.78052	37108.41741	3
392	325	380	12534.41012	34996.61335	3
393	325	326	9531.456878	33096.49774	3
394	375	326	6535.805501	31557.91524	3
395	326	327	9531.456878	27095.86214	3
396	368	377	17306.45893	39556.34036	3
397	367	377	20713.73463	39556.34036	3
398	369	378	15780.2833	39556.34036	3
399	370	378	11698.65083	39556.34036	3
400	376	319	7297.586266	39361.6788	3
401	319	325	7581.525809	37108.41741	3
402	372	319	5049.57103	38603.22247	3
403	373	325	6535.805501	36167.55873	3
404	322	373	3319.438769	34329.93928	3
405	374	322	2407.248352	35575.53605	3
406	320	321	2364.089434	38589.1192	3
407	371	320	1856.286034	39361.6788	3
408	371	372	3983.260495	39361.6788	3
409	389	388	26534.75811	19259.72939	3
410	388	416	34833.45669	19432.57437	3
411	416	408	37294.55	17092.7274	3
412	408	406	38580.87955	13683.96912	3
413	408	407	34945.817	13683.96912	3
414	415	440	41244.99482	17092.7274	3
415	440	427	40472.54414	13683.96912	3
416	440	426	44902.77661	13683.96912	3
417	416	415	39534.75811	19430.94516	3
418	392	388	28478.97704	21089.24871	3
419	391	388	33962.94558	21089.24871	3
420	392	401	29457.079	23952.20809	3
421	392	404	29457.079	22921.00466	3
422	392	399	29457.079	21775.22307	3
423	390	391	33112.44817	23998.03939	3
424	403	391	33112.44817	22989.75153	3
425	402	391	33112.44817	21729.39177	3
426	400	388	31184.9159	21089.24871	3
427	419	415	49927.58485	21104.90544	3
428	420	415	43539.0293	21104.90544	3
429	437	439	52697.18974	17092.7274	3
430	415	437	51534.69698	18859.57801	3
431	437	442	54042.24019	19449.65864	3
432	442	459	56036.00811	17052.45614	3
433	442	443	54654.37719	13683.96912	3
434	444	458	56534.70234	21736.22095	3
435	439	425	49853.72868	13683.96912	3
436	439	441	53029.54229	13683.96912	3
437	418	420	41791.62934	25016.34036	3
438	417	419	49347.71232	25016.34036	3
439	422	420	44733.60657	25016.34036	3
440	421	419	46155.65738	25016.34036	3
441	436	428	52857.52501	24265.39294	3
442	438	437	52761.45224	20531.85462	3
443	438	444	54042.24019	21810.06344	3
444	428	438	52851.56507	23096.49774	3
445	428	445	54033.20174	23700.624	3
446	445	444	55211.49796	23096.49774	3
447	446	445	55211.49796	24265.39294	3
448	396	416	37268.41724	21104.90544	3
449	397	396	34833.45669	29610.30936	3
450	395	396	34833.45669	26317.97503	3
451	429	433	40456.83822	33090.08328	3
452	433	412	40332.77516	29046.65511	3
453	433	411	41738.27227	29046.65511	3
454	429	432	43749.84705	33090.08328	3
455	432	435	44750.07045	29046.65511	3
456	432	434	47788.29843	29046.65511	3
457	430	446	54033.20174	32271.93891	3
458	429	431	49451.91494	33090.08328	3
459	431	410	49256.7154	29046.65511	3
460	431	409	50769.51204	29046.65511	3
461	405	396	37496.91255	31594.14599	3
462	446	456	56534.70234	31047.0969	3
463	456	457	59294.79784	30948.45765	3
464	456	455	59294.79784	32428.04644	3
465	454	453	59539.01237	37101.59785	3
466	447	453	56534.70234	35136.10601	3
467	446	447	55276.92581	33089.6111	3
468	429	447	54033.20174	35204.0829	3
469	405	429	39534.75811	35509.89068	3
470	452	447	55322.03185	37101.59785	3
471	449	452	52176.43808	39556.34036	3
472	448	452	55083.12596	39556.34036	3
473	451	423	50822.63831	39556.34036	3
474	450	423	46960.3269	39556.34036	3
475	423	429	46402.87984	37101.59785	3
476	413	424	40310.78065	39556.34036	3
477	414	424	36169.74582	39556.34036	3
478	424	429	41346.03924	37101.59785	3
479	533	464	3781.917358	14593.10544	4
480	464	463	3781.92561	14082.07924	4
481	463	462	1638.080354	14082.07924	4
482	533	483	7741.031919	14593.10544	4
483	483	479	8034.828241	13149.20117	4
484	483	480	5924.836324	13149.20117	4
485	482	478	8849.445304	13149.20117	4
486	533	482	11897.26367	14593.10544	4
487	482	477	11122.70955	13149.20117	4
488	533	490	15827.65968	14593.10544	4
489	490	491	16068.03858	13149.20117	4
490	490	489	13904.629	13149.20117	4
491	533	508	19382.59091	14593.10544	4
492	508	507	17005.51138	13149.32084	4
493	508	506	19075.44011	13149.32084	4
494	532	531	23465.97623	14646.49774	4
495	533	532	20535.61281	15989.89384	4
496	538	532	23465.97623	17096.49774	4
497	513	538	20546.47176	20183.16461	4
498	499	513	17736.48225	18466.18766	4
499	514	499	17151.14742	19568.55392	4
500	494	533	15535.08718	17098.85281	4
501	495	533	11477.74455	17098.85281	4
502	472	495	9861.684547	19568.77798	4
503	496	494	15088.09196	19568.77798	4
504	487	495	11959.12427	19568.77798	4
505	486	494	13128.18906	19568.77798	4
506	481	533	7695.476056	17098.85281	4
507	467	481	7557.938994	19104.26352	4
508	465	466	5529.267801	20099.59462	4
509	466	481	4881.257858	19104.26352	4
510	466	460	2399.82176	19104.26352	4
511	460	481	3036.929018	18415.86233	4
512	460	461	2227.199998	17619.30663	4
513	484	485	11947.03817	22640.70409	4
514	498	488	13092.92613	22640.70409	4
515	484	473	10001.19042	22640.70409	4
516	498	501	15125.2558	22640.70409	4
517	476	484	11276.80173	25094.79885	4
518	492	498	15730.63045	25094.79885	4
519	536	538	22476.28741	21096.49774	4
520	512	536	20546.47176	26022.45153	4
521	515	536	20546.47176	24295.23198	4
522	497	515	17736.48225	23949.78807	4
523	497	500	17080.34454	22660.63607	4
524	476	492	12534.41012	26110.95198	4
525	535	536	20546.47176	30327.81632	4
526	536	547	24216.23812	29772.96571	4
527	536	543	24216.23812	26332.89226	4
528	536	542	24216.23812	22670.87853	4
529	534	535	19773.87926	31246.49774	4
530	509	534	19773.87926	31491.36393	4
531	535	510	19779.28659	29417.67791	4
532	510	511	19765.55632	28569.93672	4
533	505	511	17280.38346	28569.93672	4
534	509	503	17266.65319	31491.36393	4
535	509	502	18598.48627	31491.36393	4
536	504	511	18543.56542	28569.93672	4
537	530	536	22244.36042	31595.96875	4
538	528	530	21979.71903	33096.49774	4
539	526	528	21949.46948	37108.41741	4
540	529	528	20536.00811	35109.35755	4
541	527	529	14893.78052	37108.41741	4
542	474	529	12534.41012	34996.61335	4
543	474	475	9531.456878	33096.49774	4
544	524	475	6535.805501	31557.91524	4
545	475	476	9531.456878	27095.86214	4
546	517	526	17306.45893	39556.34036	4
547	516	526	20713.73463	39556.34036	4
548	518	527	15780.2833	39556.34036	4
549	519	527	11698.65083	39556.34036	4
550	525	468	7297.586266	39361.6788	4
551	468	474	7581.525809	37108.41741	4
552	521	468	5049.57103	38603.22247	4
553	522	474	6535.805501	36167.55873	4
554	471	522	3319.438769	34329.93928	4
555	523	471	2407.248352	35575.53605	4
556	469	470	2364.089434	38589.1192	4
557	520	469	1856.286034	39361.6788	4
558	520	521	3983.260495	39361.6788	4
559	538	537	26534.75811	19259.72939	4
560	537	565	34833.45669	19432.57437	4
561	565	557	37294.55	17092.7274	4
562	557	555	38580.87955	13683.96912	4
563	557	556	34945.817	13683.96912	4
564	564	589	41244.99482	17092.7274	4
565	589	576	40472.54414	13683.96912	4
566	589	575	44902.77661	13683.96912	4
567	565	564	39534.75811	19430.94516	4
568	541	537	28478.97704	21089.24871	4
569	540	537	33962.94558	21089.24871	4
570	541	550	29457.079	23952.20809	4
571	541	553	29457.079	22921.00466	4
572	541	548	29457.079	21775.22307	4
573	539	540	33112.44817	23998.03939	4
574	552	540	33112.44817	22989.75153	4
575	551	540	33112.44817	21729.39177	4
576	549	537	31184.9159	21089.24871	4
577	568	564	49927.58485	21104.90544	4
578	569	564	43539.0293	21104.90544	4
579	586	588	52697.18974	17092.7274	4
580	564	586	51534.69698	18859.57801	4
581	586	591	54042.24019	19449.65864	4
582	591	608	56036.00811	17052.45614	4
583	591	592	54654.37719	13683.96912	4
584	593	607	56534.70234	21736.22095	4
585	588	574	49853.72868	13683.96912	4
586	588	590	53029.54229	13683.96912	4
587	567	569	41791.62934	25016.34036	4
588	566	568	49347.71232	25016.34036	4
589	571	569	44733.60657	25016.34036	4
590	570	568	46155.65738	25016.34036	4
591	585	577	52857.52501	24265.39294	4
592	587	586	52761.45224	20531.85462	4
593	587	593	54042.24019	21810.06344	4
594	577	587	52851.56507	23096.49774	4
595	577	594	54033.20174	23700.624	4
596	594	593	55211.49796	23096.49774	4
597	595	594	55211.49796	24265.39294	4
598	545	565	37268.41724	21104.90544	4
599	546	545	34833.45669	29610.30936	4
600	544	545	34833.45669	26317.97503	4
601	578	582	40456.83822	33090.08328	4
602	582	561	40332.77516	29046.65511	4
603	582	560	41738.27227	29046.65511	4
604	578	581	43749.84705	33090.08328	4
605	581	584	44750.07045	29046.65511	4
606	581	583	47788.29843	29046.65511	4
607	579	595	54033.20174	32271.93891	4
608	578	580	49451.91494	33090.08328	4
609	580	559	49256.7154	29046.65511	4
610	580	558	50769.51204	29046.65511	4
611	554	545	37496.91255	31594.14599	4
612	595	605	56534.70234	31047.0969	4
613	605	606	59294.79784	30948.45765	4
614	605	604	59294.79784	32428.04644	4
615	603	602	59539.01237	37101.59785	4
616	596	602	56534.70234	35136.10601	4
617	595	596	55276.92581	33089.6111	4
618	578	596	54033.20174	35204.0829	4
619	554	578	39534.75811	35509.89068	4
620	601	596	55322.03185	37101.59785	4
621	598	601	52176.43808	39556.34036	4
622	597	601	55083.12596	39556.34036	4
623	600	572	50822.63831	39556.34036	4
624	599	572	46960.3269	39556.34036	4
625	572	578	46402.87984	37101.59785	4
626	562	573	40310.78065	39556.34036	4
627	563	573	36169.74582	39556.34036	4
628	573	578	41346.03924	37101.59785	4
629	682	613	3781.917358	14593.10544	5
630	613	612	3781.92561	14082.07924	5
631	612	611	1638.080354	14082.07924	5
632	682	632	7741.031919	14593.10544	5
633	632	628	8034.828241	13149.20117	5
634	632	629	5924.836324	13149.20117	5
635	631	627	8849.445304	13149.20117	5
636	682	631	11897.26367	14593.10544	5
637	631	626	11122.70955	13149.20117	5
638	682	639	15827.65968	14593.10544	5
639	639	640	16068.03858	13149.20117	5
640	639	638	13904.629	13149.20117	5
641	682	657	19382.59091	14593.10544	5
642	657	656	17005.51138	13149.32084	5
643	657	655	19075.44011	13149.32084	5
644	681	680	23465.97623	14646.49774	5
645	682	681	20535.61281	15989.89384	5
646	687	681	23465.97623	17096.49774	5
647	662	687	20546.47176	20183.16461	5
648	648	662	17736.48225	18466.18766	5
649	663	648	17151.14742	19568.55392	5
650	643	682	15535.08718	17098.85281	5
651	644	682	11477.74455	17098.85281	5
652	621	644	9861.684547	19568.77798	5
653	645	643	15088.09196	19568.77798	5
654	636	644	11959.12427	19568.77798	5
655	635	643	13128.18906	19568.77798	5
656	630	682	7695.476056	17098.85281	5
657	616	630	7557.938994	19104.26352	5
658	614	615	5529.267801	20099.59462	5
659	615	630	4881.257858	19104.26352	5
660	615	609	2399.82176	19104.26352	5
661	609	630	3036.929018	18415.86233	5
662	609	610	2227.199998	17619.30663	5
663	633	634	11947.03817	22640.70409	5
664	647	637	13092.92613	22640.70409	5
665	633	622	10001.19042	22640.70409	5
666	647	650	15125.2558	22640.70409	5
667	625	633	11276.80173	25094.79885	5
668	641	647	15730.63045	25094.79885	5
669	685	687	22476.28741	21096.49774	5
670	661	685	20546.47176	26022.45153	5
671	664	685	20546.47176	24295.23198	5
672	646	664	17736.48225	23949.78807	5
673	646	649	17080.34454	22660.63607	5
674	625	641	12534.41012	26110.95198	5
675	684	685	20546.47176	30327.81632	5
676	685	696	24216.23812	29772.96571	5
677	685	692	24216.23812	26332.89226	5
678	685	691	24216.23812	22670.87853	5
679	683	684	19773.87926	31246.49774	5
680	658	683	19773.87926	31491.36393	5
681	684	659	19779.28659	29417.67791	5
682	659	660	19765.55632	28569.93672	5
683	654	660	17280.38346	28569.93672	5
684	658	652	17266.65319	31491.36393	5
685	658	651	18598.48627	31491.36393	5
686	653	660	18543.56542	28569.93672	5
687	679	685	22244.36042	31595.96875	5
688	677	679	21979.71903	33096.49774	5
689	675	677	21949.46948	37108.41741	5
690	678	677	20536.00811	35109.35755	5
691	676	678	14893.78052	37108.41741	5
692	623	678	12534.41012	34996.61335	5
693	623	624	9531.456878	33096.49774	5
694	673	624	6535.805501	31557.91524	5
695	624	625	9531.456878	27095.86214	5
696	666	675	17306.45893	39556.34036	5
697	665	675	20713.73463	39556.34036	5
698	667	676	15780.2833	39556.34036	5
699	668	676	11698.65083	39556.34036	5
700	674	617	7297.586266	39361.6788	5
701	617	623	7581.525809	37108.41741	5
702	670	617	5049.57103	38603.22247	5
703	671	623	6535.805501	36167.55873	5
704	620	671	3319.438769	34329.93928	5
705	672	620	2407.248352	35575.53605	5
706	618	619	2364.089434	38589.1192	5
707	669	618	1856.286034	39361.6788	5
708	669	670	3983.260495	39361.6788	5
709	687	686	26534.75811	19259.72939	5
710	686	714	34833.45669	19432.57437	5
711	714	706	37294.55	17092.7274	5
712	706	704	38580.87955	13683.96912	5
713	706	705	34945.817	13683.96912	5
714	713	738	41244.99482	17092.7274	5
715	738	725	40472.54414	13683.96912	5
716	738	724	44902.77661	13683.96912	5
717	714	713	39534.75811	19430.94516	5
718	690	686	28478.97704	21089.24871	5
719	689	686	33962.94558	21089.24871	5
720	690	699	29457.079	23952.20809	5
721	690	702	29457.079	22921.00466	5
722	690	697	29457.079	21775.22307	5
723	688	689	33112.44817	23998.03939	5
724	701	689	33112.44817	22989.75153	5
725	700	689	33112.44817	21729.39177	5
726	698	686	31184.9159	21089.24871	5
727	717	713	49927.58485	21104.90544	5
728	718	713	43539.0293	21104.90544	5
729	735	737	52697.18974	17092.7274	5
730	713	735	51534.69698	18859.57801	5
731	735	740	54042.24019	19449.65864	5
732	740	757	56036.00811	17052.45614	5
733	740	741	54654.37719	13683.96912	5
734	742	756	56534.70234	21736.22095	5
735	737	723	49853.72868	13683.96912	5
736	737	739	53029.54229	13683.96912	5
737	716	718	41791.62934	25016.34036	5
738	715	717	49347.71232	25016.34036	5
739	720	718	44733.60657	25016.34036	5
740	719	717	46155.65738	25016.34036	5
741	734	726	52857.52501	24265.39294	5
742	736	735	52761.45224	20531.85462	5
743	736	742	54042.24019	21810.06344	5
744	726	736	52851.56507	23096.49774	5
745	726	743	54033.20174	23700.624	5
746	743	742	55211.49796	23096.49774	5
747	744	743	55211.49796	24265.39294	5
748	694	714	37268.41724	21104.90544	5
749	695	694	34833.45669	29610.30936	5
750	693	694	34833.45669	26317.97503	5
751	727	731	40456.83822	33090.08328	5
752	731	710	40332.77516	29046.65511	5
753	731	709	41738.27227	29046.65511	5
754	727	730	43749.84705	33090.08328	5
755	730	733	44750.07045	29046.65511	5
756	730	732	47788.29843	29046.65511	5
757	728	744	54033.20174	32271.93891	5
758	727	729	49451.91494	33090.08328	5
759	729	708	49256.7154	29046.65511	5
760	729	707	50769.51204	29046.65511	5
761	703	694	37496.91255	31594.14599	5
762	744	754	56534.70234	31047.0969	5
763	754	755	59294.79784	30948.45765	5
764	754	753	59294.79784	32428.04644	5
765	752	751	59539.01237	37101.59785	5
766	745	751	56534.70234	35136.10601	5
767	744	745	55276.92581	33089.6111	5
768	727	745	54033.20174	35204.0829	5
769	703	727	39534.75811	35509.89068	5
770	750	745	55322.03185	37101.59785	5
771	747	750	52176.43808	39556.34036	5
772	746	750	55083.12596	39556.34036	5
773	749	721	50822.63831	39556.34036	5
774	748	721	46960.3269	39556.34036	5
775	721	727	46402.87984	37101.59785	5
776	711	722	40310.78065	39556.34036	5
777	712	722	36169.74582	39556.34036	5
778	722	727	41346.03924	37101.59785	5
779	831	762	3781.917358	14593.10544	6
780	762	761	3781.92561	14082.07924	6
781	761	760	1638.080354	14082.07924	6
782	831	781	7741.031919	14593.10544	6
783	781	777	8034.828241	13149.20117	6
784	781	778	5924.836324	13149.20117	6
785	780	776	8849.445304	13149.20117	6
786	831	780	11897.26367	14593.10544	6
787	780	775	11122.70955	13149.20117	6
788	831	788	15827.65968	14593.10544	6
789	788	789	16068.03858	13149.20117	6
790	788	787	13904.629	13149.20117	6
791	831	806	19382.59091	14593.10544	6
792	806	805	17005.51138	13149.32084	6
793	806	804	19075.44011	13149.32084	6
794	830	829	23465.97623	14646.49774	6
795	831	830	20535.61281	15989.89384	6
796	836	830	23465.97623	17096.49774	6
797	811	836	20546.47176	20183.16461	6
798	797	811	17736.48225	18466.18766	6
799	812	797	17151.14742	19568.55392	6
800	792	831	15535.08718	17098.85281	6
801	793	831	11477.74455	17098.85281	6
802	770	793	9861.684547	19568.77798	6
803	794	792	15088.09196	19568.77798	6
804	785	793	11959.12427	19568.77798	6
805	784	792	13128.18906	19568.77798	6
806	779	831	7695.476056	17098.85281	6
807	765	779	7557.938994	19104.26352	6
808	763	764	5529.267801	20099.59462	6
809	764	779	4881.257858	19104.26352	6
810	764	758	2399.82176	19104.26352	6
811	758	779	3036.929018	18415.86233	6
812	758	759	2227.199998	17619.30663	6
813	782	783	11947.03817	22640.70409	6
814	796	786	13092.92613	22640.70409	6
815	782	771	10001.19042	22640.70409	6
816	796	799	15125.2558	22640.70409	6
817	774	782	11276.80173	25094.79885	6
818	790	796	15730.63045	25094.79885	6
819	834	836	22476.28741	21096.49774	6
820	810	834	20546.47176	26022.45153	6
821	813	834	20546.47176	24295.23198	6
822	795	813	17736.48225	23949.78807	6
823	795	798	17080.34454	22660.63607	6
824	774	790	12534.41012	26110.95198	6
825	833	834	20546.47176	30327.81632	6
826	834	845	24216.23812	29772.96571	6
827	834	841	24216.23812	26332.89226	6
828	834	840	24216.23812	22670.87853	6
829	832	833	19773.87926	31246.49774	6
830	807	832	19773.87926	31491.36393	6
831	833	808	19779.28659	29417.67791	6
832	808	809	19765.55632	28569.93672	6
833	803	809	17280.38346	28569.93672	6
834	807	801	17266.65319	31491.36393	6
835	807	800	18598.48627	31491.36393	6
836	802	809	18543.56542	28569.93672	6
837	828	834	22244.36042	31595.96875	6
838	826	828	21979.71903	33096.49774	6
839	824	826	21949.46948	37108.41741	6
840	827	826	20536.00811	35109.35755	6
841	825	827	14893.78052	37108.41741	6
842	772	827	12534.41012	34996.61335	6
843	772	773	9531.456878	33096.49774	6
844	822	773	6535.805501	31557.91524	6
845	773	774	9531.456878	27095.86214	6
846	815	824	17306.45893	39556.34036	6
847	814	824	20713.73463	39556.34036	6
848	816	825	15780.2833	39556.34036	6
849	817	825	11698.65083	39556.34036	6
850	823	766	7297.586266	39361.6788	6
851	766	772	7581.525809	37108.41741	6
852	819	766	5049.57103	38603.22247	6
853	820	772	6535.805501	36167.55873	6
854	769	820	3319.438769	34329.93928	6
855	821	769	2407.248352	35575.53605	6
856	767	768	2364.089434	38589.1192	6
857	818	767	1856.286034	39361.6788	6
858	818	819	3983.260495	39361.6788	6
859	836	835	26534.75811	19259.72939	6
860	835	863	34833.45669	19432.57437	6
861	863	855	37294.55	17092.7274	6
862	855	853	38580.87955	13683.96912	6
863	855	854	34945.817	13683.96912	6
864	862	887	41244.99482	17092.7274	6
865	887	874	40472.54414	13683.96912	6
866	887	873	44902.77661	13683.96912	6
867	863	862	39534.75811	19430.94516	6
868	839	835	28478.97704	21089.24871	6
869	838	835	33962.94558	21089.24871	6
870	839	848	29457.079	23952.20809	6
871	839	851	29457.079	22921.00466	6
872	839	846	29457.079	21775.22307	6
873	837	838	33112.44817	23998.03939	6
874	850	838	33112.44817	22989.75153	6
875	849	838	33112.44817	21729.39177	6
876	847	835	31184.9159	21089.24871	6
877	866	862	49927.58485	21104.90544	6
878	867	862	43539.0293	21104.90544	6
879	884	886	52697.18974	17092.7274	6
880	862	884	51534.69698	18859.57801	6
881	884	889	54042.24019	19449.65864	6
882	889	906	56036.00811	17052.45614	6
883	889	890	54654.37719	13683.96912	6
884	891	905	56534.70234	21736.22095	6
885	886	872	49853.72868	13683.96912	6
886	886	888	53029.54229	13683.96912	6
887	865	867	41791.62934	25016.34036	6
888	864	866	49347.71232	25016.34036	6
889	869	867	44733.60657	25016.34036	6
890	868	866	46155.65738	25016.34036	6
891	883	875	52857.52501	24265.39294	6
892	885	884	52761.45224	20531.85462	6
893	885	891	54042.24019	21810.06344	6
894	875	885	52851.56507	23096.49774	6
895	875	892	54033.20174	23700.624	6
896	892	891	55211.49796	23096.49774	6
897	893	892	55211.49796	24265.39294	6
898	843	863	37268.41724	21104.90544	6
899	844	843	34833.45669	29610.30936	6
900	842	843	34833.45669	26317.97503	6
901	876	880	40456.83822	33090.08328	6
902	880	859	40332.77516	29046.65511	6
903	880	858	41738.27227	29046.65511	6
904	876	879	43749.84705	33090.08328	6
905	879	882	44750.07045	29046.65511	6
906	879	881	47788.29843	29046.65511	6
907	877	893	54033.20174	32271.93891	6
908	876	878	49451.91494	33090.08328	6
909	878	857	49256.7154	29046.65511	6
910	878	856	50769.51204	29046.65511	6
911	852	843	37496.91255	31594.14599	6
912	893	903	56534.70234	31047.0969	6
913	903	904	59294.79784	30948.45765	6
914	903	902	59294.79784	32428.04644	6
915	901	900	59539.01237	37101.59785	6
916	894	900	56534.70234	35136.10601	6
917	893	894	55276.92581	33089.6111	6
918	876	894	54033.20174	35204.0829	6
919	852	876	39534.75811	35509.89068	6
920	899	894	55322.03185	37101.59785	6
921	896	899	52176.43808	39556.34036	6
922	895	899	55083.12596	39556.34036	6
923	898	870	50822.63831	39556.34036	6
924	897	870	46960.3269	39556.34036	6
925	870	876	46402.87984	37101.59785	6
926	860	871	40310.78065	39556.34036	6
927	861	871	36169.74582	39556.34036	6
928	871	876	41346.03924	37101.59785	6
929	980	911	3781.917358	14593.10544	7
930	911	910	3781.92561	14082.07924	7
931	910	909	1638.080354	14082.07924	7
932	980	930	7741.031919	14593.10544	7
933	930	926	8034.828241	13149.20117	7
934	930	927	5924.836324	13149.20117	7
935	929	925	8849.445304	13149.20117	7
936	980	929	11897.26367	14593.10544	7
937	929	924	11122.70955	13149.20117	7
938	980	937	15827.65968	14593.10544	7
939	937	938	16068.03858	13149.20117	7
940	937	936	13904.629	13149.20117	7
941	980	955	19382.59091	14593.10544	7
942	955	954	17005.51138	13149.32084	7
943	955	953	19075.44011	13149.32084	7
944	979	978	23465.97623	14646.49774	7
945	980	979	20535.61281	15989.89384	7
946	985	979	23465.97623	17096.49774	7
947	960	985	20546.47176	20183.16461	7
948	946	960	17736.48225	18466.18766	7
949	961	946	17151.14742	19568.55392	7
950	941	980	15535.08718	17098.85281	7
951	942	980	11477.74455	17098.85281	7
952	919	942	9861.684547	19568.77798	7
953	943	941	15088.09196	19568.77798	7
954	934	942	11959.12427	19568.77798	7
955	933	941	13128.18906	19568.77798	7
956	928	980	7695.476056	17098.85281	7
957	914	928	7557.938994	19104.26352	7
958	912	913	5529.267801	20099.59462	7
959	913	928	4881.257858	19104.26352	7
960	913	907	2399.82176	19104.26352	7
961	907	928	3036.929018	18415.86233	7
962	907	908	2227.199998	17619.30663	7
963	931	932	11947.03817	22640.70409	7
964	945	935	13092.92613	22640.70409	7
965	931	920	10001.19042	22640.70409	7
966	945	948	15125.2558	22640.70409	7
967	923	931	11276.80173	25094.79885	7
968	939	945	15730.63045	25094.79885	7
969	983	985	22476.28741	21096.49774	7
970	959	983	20546.47176	26022.45153	7
971	962	983	20546.47176	24295.23198	7
972	944	962	17736.48225	23949.78807	7
973	944	947	17080.34454	22660.63607	7
974	923	939	12534.41012	26110.95198	7
975	982	983	20546.47176	30327.81632	7
976	983	994	24216.23812	29772.96571	7
977	983	990	24216.23812	26332.89226	7
978	983	989	24216.23812	22670.87853	7
979	981	982	19773.87926	31246.49774	7
980	956	981	19773.87926	31491.36393	7
981	982	957	19779.28659	29417.67791	7
982	957	958	19765.55632	28569.93672	7
983	952	958	17280.38346	28569.93672	7
984	956	950	17266.65319	31491.36393	7
985	956	949	18598.48627	31491.36393	7
986	951	958	18543.56542	28569.93672	7
987	977	983	22244.36042	31595.96875	7
988	975	977	21979.71903	33096.49774	7
989	973	975	21949.46948	37108.41741	7
990	976	975	20536.00811	35109.35755	7
991	974	976	14893.78052	37108.41741	7
992	921	976	12534.41012	34996.61335	7
993	921	922	9531.456878	33096.49774	7
994	971	922	6535.805501	31557.91524	7
995	922	923	9531.456878	27095.86214	7
996	964	973	17306.45893	39556.34036	7
997	963	973	20713.73463	39556.34036	7
998	965	974	15780.2833	39556.34036	7
999	966	974	11698.65083	39556.34036	7
1000	972	915	7297.586266	39361.6788	7
1001	915	921	7581.525809	37108.41741	7
1002	968	915	5049.57103	38603.22247	7
1003	969	921	6535.805501	36167.55873	7
1004	918	969	3319.438769	34329.93928	7
1005	970	918	2407.248352	35575.53605	7
1006	916	917	2364.089434	38589.1192	7
1007	967	916	1856.286034	39361.6788	7
1008	967	968	3983.260495	39361.6788	7
1009	985	984	26534.75811	19259.72939	7
1010	984	1012	34833.45669	19432.57437	7
1011	1012	1004	37294.55	17092.7274	7
1012	1004	1002	38580.87955	13683.96912	7
1013	1004	1003	34945.817	13683.96912	7
1014	1011	1036	41244.99482	17092.7274	7
1015	1036	1023	40472.54414	13683.96912	7
1016	1036	1022	44902.77661	13683.96912	7
1017	1012	1011	39534.75811	19430.94516	7
1018	988	984	28478.97704	21089.24871	7
1019	987	984	33962.94558	21089.24871	7
1020	988	997	29457.079	23952.20809	7
1021	988	1000	29457.079	22921.00466	7
1022	988	995	29457.079	21775.22307	7
1023	986	987	33112.44817	23998.03939	7
1024	999	987	33112.44817	22989.75153	7
1025	998	987	33112.44817	21729.39177	7
1026	996	984	31184.9159	21089.24871	7
1027	1015	1011	49927.58485	21104.90544	7
1028	1016	1011	43539.0293	21104.90544	7
1029	1033	1035	52697.18974	17092.7274	7
1030	1011	1033	51534.69698	18859.57801	7
1031	1033	1038	54042.24019	19449.65864	7
1032	1038	1055	56036.00811	17052.45614	7
1033	1038	1039	54654.37719	13683.96912	7
1034	1040	1054	56534.70234	21736.22095	7
1035	1035	1021	49853.72868	13683.96912	7
1036	1035	1037	53029.54229	13683.96912	7
1037	1014	1016	41791.62934	25016.34036	7
1038	1013	1015	49347.71232	25016.34036	7
1039	1018	1016	44733.60657	25016.34036	7
1040	1017	1015	46155.65738	25016.34036	7
1041	1032	1024	52857.52501	24265.39294	7
1042	1034	1033	52761.45224	20531.85462	7
1043	1034	1040	54042.24019	21810.06344	7
1044	1024	1034	52851.56507	23096.49774	7
1045	1024	1041	54033.20174	23700.624	7
1046	1041	1040	55211.49796	23096.49774	7
1047	1042	1041	55211.49796	24265.39294	7
1048	992	1012	37268.41724	21104.90544	7
1049	993	992	34833.45669	29610.30936	7
1050	991	992	34833.45669	26317.97503	7
1051	1025	1029	40456.83822	33090.08328	7
1052	1029	1008	40332.77516	29046.65511	7
1053	1029	1007	41738.27227	29046.65511	7
1054	1025	1028	43749.84705	33090.08328	7
1055	1028	1031	44750.07045	29046.65511	7
1056	1028	1030	47788.29843	29046.65511	7
1057	1026	1042	54033.20174	32271.93891	7
1058	1025	1027	49451.91494	33090.08328	7
1059	1027	1006	49256.7154	29046.65511	7
1060	1027	1005	50769.51204	29046.65511	7
1061	1001	992	37496.91255	31594.14599	7
1062	1042	1052	56534.70234	31047.0969	7
1063	1052	1053	59294.79784	30948.45765	7
1064	1052	1051	59294.79784	32428.04644	7
1065	1050	1049	59539.01237	37101.59785	7
1066	1043	1049	56534.70234	35136.10601	7
1067	1042	1043	55276.92581	33089.6111	7
1068	1025	1043	54033.20174	35204.0829	7
1069	1001	1025	39534.75811	35509.89068	7
1070	1048	1043	55322.03185	37101.59785	7
1071	1045	1048	52176.43808	39556.34036	7
1072	1044	1048	55083.12596	39556.34036	7
1073	1047	1019	50822.63831	39556.34036	7
1074	1046	1019	46960.3269	39556.34036	7
1075	1019	1025	46402.87984	37101.59785	7
1076	1009	1020	40310.78065	39556.34036	7
1077	1010	1020	36169.74582	39556.34036	7
1078	1020	1025	41346.03924	37101.59785	7
1079	1129	1060	3781.917358	14593.10544	8
1080	1060	1059	3781.92561	14082.07924	8
1081	1059	1058	1638.080354	14082.07924	8
1082	1129	1079	7741.031919	14593.10544	8
1083	1079	1075	8034.828241	13149.20117	8
1084	1079	1076	5924.836324	13149.20117	8
1085	1078	1074	8849.445304	13149.20117	8
1086	1129	1078	11897.26367	14593.10544	8
1087	1078	1073	11122.70955	13149.20117	8
1088	1129	1086	15827.65968	14593.10544	8
1089	1086	1087	16068.03858	13149.20117	8
1090	1086	1085	13904.629	13149.20117	8
1091	1129	1104	19382.59091	14593.10544	8
1092	1104	1103	17005.51138	13149.32084	8
1093	1104	1102	19075.44011	13149.32084	8
1094	1128	1127	23465.97623	14646.49774	8
1095	1129	1128	20535.61281	15989.89384	8
1096	1134	1128	23465.97623	17096.49774	8
1097	1109	1134	20546.47176	20183.16461	8
1098	1095	1109	17736.48225	18466.18766	8
1099	1110	1095	17151.14742	19568.55392	8
1100	1090	1129	15535.08718	17098.85281	8
1101	1091	1129	11477.74455	17098.85281	8
1102	1068	1091	9861.684547	19568.77798	8
1103	1092	1090	15088.09196	19568.77798	8
1104	1083	1091	11959.12427	19568.77798	8
1105	1082	1090	13128.18906	19568.77798	8
1106	1077	1129	7695.476056	17098.85281	8
1107	1063	1077	7557.938994	19104.26352	8
1108	1061	1062	5529.267801	20099.59462	8
1109	1062	1077	4881.257858	19104.26352	8
1110	1062	1056	2399.82176	19104.26352	8
1111	1056	1077	3036.929018	18415.86233	8
1112	1056	1057	2227.199998	17619.30663	8
1113	1080	1081	11947.03817	22640.70409	8
1114	1094	1084	13092.92613	22640.70409	8
1115	1080	1069	10001.19042	22640.70409	8
1116	1094	1097	15125.2558	22640.70409	8
1117	1072	1080	11276.80173	25094.79885	8
1118	1088	1094	15730.63045	25094.79885	8
1119	1132	1134	22476.28741	21096.49774	8
1120	1108	1132	20546.47176	26022.45153	8
1121	1111	1132	20546.47176	24295.23198	8
1122	1093	1111	17736.48225	23949.78807	8
1123	1093	1096	17080.34454	22660.63607	8
1124	1072	1088	12534.41012	26110.95198	8
1125	1131	1132	20546.47176	30327.81632	8
1126	1132	1143	24216.23812	29772.96571	8
1127	1132	1139	24216.23812	26332.89226	8
1128	1132	1138	24216.23812	22670.87853	8
1129	1130	1131	19773.87926	31246.49774	8
1130	1105	1130	19773.87926	31491.36393	8
1131	1131	1106	19779.28659	29417.67791	8
1132	1106	1107	19765.55632	28569.93672	8
1133	1101	1107	17280.38346	28569.93672	8
1134	1105	1099	17266.65319	31491.36393	8
1135	1105	1098	18598.48627	31491.36393	8
1136	1100	1107	18543.56542	28569.93672	8
1137	1126	1132	22244.36042	31595.96875	8
1138	1124	1126	21979.71903	33096.49774	8
1139	1122	1124	21949.46948	37108.41741	8
1140	1125	1124	20536.00811	35109.35755	8
1141	1123	1125	14893.78052	37108.41741	8
1142	1070	1125	12534.41012	34996.61335	8
1143	1070	1071	9531.456878	33096.49774	8
1144	1120	1071	6535.805501	31557.91524	8
1145	1071	1072	9531.456878	27095.86214	8
1146	1113	1122	17306.45893	39556.34036	8
1147	1112	1122	20713.73463	39556.34036	8
1148	1114	1123	15780.2833	39556.34036	8
1149	1115	1123	11698.65083	39556.34036	8
1150	1121	1064	7297.586266	39361.6788	8
1151	1064	1070	7581.525809	37108.41741	8
1152	1117	1064	5049.57103	38603.22247	8
1153	1118	1070	6535.805501	36167.55873	8
1154	1067	1118	3319.438769	34329.93928	8
1155	1119	1067	2407.248352	35575.53605	8
1156	1065	1066	2364.089434	38589.1192	8
1157	1116	1065	1856.286034	39361.6788	8
1158	1116	1117	3983.260495	39361.6788	8
1159	1134	1133	26534.75811	19259.72939	8
1160	1133	1161	34833.45669	19432.57437	8
1161	1161	1153	37294.55	17092.7274	8
1162	1153	1151	38580.87955	13683.96912	8
1163	1153	1152	34945.817	13683.96912	8
1164	1160	1185	41244.99482	17092.7274	8
1165	1185	1172	40472.54414	13683.96912	8
1166	1185	1171	44902.77661	13683.96912	8
1167	1161	1160	39534.75811	19430.94516	8
1168	1137	1133	28478.97704	21089.24871	8
1169	1136	1133	33962.94558	21089.24871	8
1170	1137	1146	29457.079	23952.20809	8
1171	1137	1149	29457.079	22921.00466	8
1172	1137	1144	29457.079	21775.22307	8
1173	1135	1136	33112.44817	23998.03939	8
1174	1148	1136	33112.44817	22989.75153	8
1175	1147	1136	33112.44817	21729.39177	8
1176	1145	1133	31184.9159	21089.24871	8
1177	1164	1160	49927.58485	21104.90544	8
1178	1165	1160	43539.0293	21104.90544	8
1179	1182	1184	52697.18974	17092.7274	8
1180	1160	1182	51534.69698	18859.57801	8
1181	1182	1187	54042.24019	19449.65864	8
1182	1187	1204	56036.00811	17052.45614	8
1183	1187	1188	54654.37719	13683.96912	8
1184	1189	1203	56534.70234	21736.22095	8
1185	1184	1170	49853.72868	13683.96912	8
1186	1184	1186	53029.54229	13683.96912	8
1187	1163	1165	41791.62934	25016.34036	8
1188	1162	1164	49347.71232	25016.34036	8
1189	1167	1165	44733.60657	25016.34036	8
1190	1166	1164	46155.65738	25016.34036	8
1191	1181	1173	52857.52501	24265.39294	8
1192	1183	1182	52761.45224	20531.85462	8
1193	1183	1189	54042.24019	21810.06344	8
1194	1173	1183	52851.56507	23096.49774	8
1195	1173	1190	54033.20174	23700.624	8
1196	1190	1189	55211.49796	23096.49774	8
1197	1191	1190	55211.49796	24265.39294	8
1198	1141	1161	37268.41724	21104.90544	8
1199	1142	1141	34833.45669	29610.30936	8
1200	1140	1141	34833.45669	26317.97503	8
1201	1174	1178	40456.83822	33090.08328	8
1202	1178	1157	40332.77516	29046.65511	8
1203	1178	1156	41738.27227	29046.65511	8
1204	1174	1177	43749.84705	33090.08328	8
1205	1177	1180	44750.07045	29046.65511	8
1206	1177	1179	47788.29843	29046.65511	8
1207	1175	1191	54033.20174	32271.93891	8
1208	1174	1176	49451.91494	33090.08328	8
1209	1176	1155	49256.7154	29046.65511	8
1210	1176	1154	50769.51204	29046.65511	8
1211	1150	1141	37496.91255	31594.14599	8
1212	1191	1201	56534.70234	31047.0969	8
1213	1201	1202	59294.79784	30948.45765	8
1214	1201	1200	59294.79784	32428.04644	8
1215	1199	1198	59539.01237	37101.59785	8
1216	1192	1198	56534.70234	35136.10601	8
1217	1191	1192	55276.92581	33089.6111	8
1218	1174	1192	54033.20174	35204.0829	8
1219	1150	1174	39534.75811	35509.89068	8
1220	1197	1192	55322.03185	37101.59785	8
1221	1194	1197	52176.43808	39556.34036	8
1222	1193	1197	55083.12596	39556.34036	8
1223	1196	1168	50822.63831	39556.34036	8
1224	1195	1168	46960.3269	39556.34036	8
1225	1168	1174	46402.87984	37101.59785	8
1226	1158	1169	40310.78065	39556.34036	8
1227	1159	1169	36169.74582	39556.34036	8
1228	1169	1174	41346.03924	37101.59785	8
1229	57	231	0	0	1
1230	58	242	0	0	1
1231	71	248	0	0	1
1232	72	249	0	0	1
1233	231	394	0	0	2
1234	242	398	0	0	2
1235	248	395	0	0	2
1236	249	397	0	0	2
1237	394	543	0	0	3
1238	398	547	0	0	3
1239	395	544	0	0	3
1240	397	546	0	0	3
1241	543	692	0	0	4
1242	544	693	0	0	4
1243	546	695	0	0	4
1244	547	696	0	0	4
1245	692	841	0	0	5
1246	693	842	0	0	5
1247	695	844	0	0	5
1248	696	845	0	0	5
1249	841	990	0	0	6
1250	842	991	0	0	6
1251	844	993	0	0	6
1252	845	994	0	0	6
1253	990	1139	0	0	7
1254	991	1140	0	0	7
1255	993	1142	0	0	7
1256	994	1143	0	0	7
1257	62	239	0	0	1
1258	105	287	0	0	1
1259	113	309	0	0	1
1260	213	375	0	0	2
1261	239	393	0	0	2
1262	287	436	0	0	2
1263	309	454	0	0	2
1264	375	524	0	0	3
1265	393	542	0	0	3
1266	436	585	0	0	3
1267	454	603	0	0	3
1268	524	673	0	0	4
1269	542	691	0	0	4
1270	585	734	0	0	4
1271	603	752	0	0	4
1272	673	822	0	0	5
1273	691	840	0	0	5
1274	734	883	0	0	5
1275	752	901	0	0	5
1276	822	971	0	0	6
1277	840	989	0	0	6
1278	883	1032	0	0	6
1279	901	1050	0	0	6
1280	971	1120	0	0	7
1281	989	1138	0	0	7
1282	1032	1181	0	0	7
1283	1050	1199	0	0	7