1	0	592.3903358	16272.1217	0	6592.115204	19774.94397	10
1	1	1201.634951	19774.94397	0	6592.115204	23774.93334	10
1	2	1897.227144	23774.93334	0	6592.115204	27774.79295	10
1	3	592.7278597	34775.80535	0	6592.115204	40275.26909	10
1	4	6592.115204	16272.1217	0	7385.016815	18275.02034	10
1	5	6592.115204	19774.94397	0	8592.894447	21775.8982	10
1	6	6592.115204	21775.8982	0	8592.894447	25774.98378	10
1	7	6592.115204	18275.02034	0	8592.894447	19774.94397	10
1	8	7385.016815	16272.1217	0	8592.894447	18275.02034	10
1	9	6592.115204	36774.38743	0	10593.34333	40275.26909	10
1	10	6592.115204	25774.98378	0	10621.59237	29775.02034	10
1	11	6592.115204	29775.02034	0	10621.59237	32264.51665	10
1	12	6592.115204	32264.51665	0	10621.59237	34775.80535	10
1	13	6592.115204	34775.80535	0	10621.59237	36774.38743	10
1	14	8592.894447	16272.1217	0	11391.17031	17831.93562	10
1	15	10593.34333	29775.02034	0	12600.28305	37777.51534	10
1	16	11092.89445	21775.8982	0	12600.28305	23274.81593	10
1	17	8592.894447	21775.8982	0	11092.89445	23274.81593	10
1	18	8592.894447	23274.81593	0	12600.28305	25774.98378	10
1	19	10621.59237	25774.98378	0	12600.28305	27775.02034	10
1	20	10621.59237	27775.02034	0	12600.28305	29775.02034	10
1	21	592.7278597	40275.26909	0	12603.22955	46275.97822	10
1	22	12600.28305	34771.7122	0	14099.44239	36275.02034	10
1	23	12603.22955	44023.53535	0	16590.36868	46275.97822	10
1	24	14554.41518	41772.62351	0	16590.36868	44014.7917	10
1	25	12603.22955	41772.62351	0	14554.41518	44023.53535	10
1	26	14099.44239	34771.7122	0	16592.89445	37777.51534	10
1	27	12600.28305	36275.02034	0	14099.44239	37777.51534	10
1	28	12600.28305	31775.02034	0	16592.89445	34771.7122	10
1	29	12592.89445	17827.96415	0	16592.89445	19773.48538	10
1	30	8592.894447	17831.93562	0	12592.89445	19774.94397	10
1	31	15391.17031	16272.1217	0	16597.72551	17827.96415	10
1	32	12592.89445	16272.1217	0	15391.17031	17831.93562	10
1	33	11391.17031	16272.1217	0	12597.72551	17831.93562	10
1	34	8592.894447	19772.02679	0	16592.89445	21775.8982	10
1	35	16596.45697	34771.7122	0	17792.89445	36251.78935	10
1	36	16592.89445	24260.0179	0	17794.61859	25774.98378	10
1	37	12600.28305	21775.8982	0	16592.89445	25774.98378	10
1	38	12603.22955	40275.26909	0	18594.03626	41772.62351	10
1	39	16590.36868	41772.62351	0	18594.03626	44012.24713	10
1	40	16592.89445	31775.02034	0	19093.77164	33248.23844	10
1	41	16592.89445	36252.03675	0	19093.77164	37777.51534	10
1	42	17792.89445	33248.23844	0	19093.77164	34771.7122	10
1	43	16592.89445	33248.23844	0	17792.89445	34771.7122	10
1	44	17792.89445	34771.7122	0	19093.77164	36251.78935	10
1	45	16590.36868	44013.46242	0	20593.68397	46274.43223	10
1	46	12600.28305	37777.51534	0	20594.14445	40275.26909	10
1	47	10593.34333	37777.51534	0	12600.28305	40275.26909	10
1	48	19093.77164	35968.56142	0	20594.14445	37777.51534	10
1	49	18594.03626	40275.26909	0	20594.17781	44013.46242	10
1	50	19093.77164	31775.02034	0	20602.30593	34081.68103	10
1	51	19093.77164	34081.68103	0	20602.30593	35968.56142	10
1	52	16592.89445	29775.02034	0	20602.30593	31775.02034	10
1	53	12600.28305	29775.02034	0	16592.89445	31775.02034	10
1	54	16592.89445	21775.8982	0	17794.61859	24260.0179	10
1	55	12600.28305	25774.98378	0	20602.30593	29775.02034	10
1	56	17794.61859	21775.8982	0	20602.30593	25774.98378	10
1	57	23587.45376	29236.70512	0	27590.46306	32723.43617	10
1	58	23587.45376	32723.43617	0	27590.46306	36275.02034	10
1	59	31044.18099	25763.14323	0	31641.46609	29236.70512	10
1	60	29527.26854	28225.02034	0	31044.18099	29236.70512	10
1	61	27840.37924	25763.14323	0	29527.26854	29236.70512	10
1	62	23587.45376	25763.14323	0	27840.37924	29236.70512	10
1	63	26591.89885	16320.89404	0	32600.34899	21772.81887	10
1	64	16592.89445	16320.89404	0	26591.89885	21775.8982	10
1	65	31641.46609	26925.02034	0	33170.81478	28225.02034	10
1	66	29527.26854	26925.02034	0	31044.18099	28225.02034	10
1	67	31641.46609	25763.14323	0	33170.81478	26925.02034	10
1	68	29527.26854	25763.14323	0	31044.18099	26925.02034	10
1	69	33170.81478	25763.14323	0	34889.32414	29236.70512	10
1	70	31641.46609	28225.02034	0	33170.81478	29236.70512	10
1	71	31590.6321	29236.70512	0	35590.33924	32607.85047	10
1	72	31590.6321	32607.85047	0	35590.33924	36275.39243	10
1	73	23587.45376	36275.02034	0	35590.33924	39262.81103	10
1	74	32600.34899	16320.89404	0	36592.33104	18768.45177	10
1	75	32600.34899	18768.45177	0	37585.19764	21772.81887	10
1	76	34889.32414	21772.81887	0	39593.3218	25763.14323	10
1	77	20602.30593	21775.8982	0	23587.45376	25772.11524	10
1	78	20594.14445	25772.11524	0	23587.45376	39262.81103	10
1	79	20593.68397	39262.81103	0	23587.45376	41793.37029	10
1	80	23587.45376	21775.8982	0	34889.32414	25763.14323	10
1	81	38591.14006	17808.83166	0	39593.3218	18768.45177	10
1	82	36592.33104	16320.89404	0	38591.14006	18768.45177	10
1	83	38591.14006	16320.89404	0	39593.3218	17808.83166	10
1	84	37585.19764	18768.45177	0	39593.3218	21772.81887	10
1	85	35590.33924	37765.57279	0	39602.51642	41793.37029	10
1	86	23587.45376	39262.81103	0	35590.33924	41793.37029	10
1	87	34889.32414	25763.14323	0	39592.82487	29238.73704	10
1	88	35590.33924	29238.73704	0	39592.82487	37765.57279	10
1	89	39593.3218	16320.89404	0	42592.58391	21772.81887	10
1	90	39592.82487	31712.96009	0	43042.47938	34760.10215	10
1	91	42592.58391	16320.89404	0	44593.72778	18361.53405	10
1	92	39592.82487	34760.10215	0	44601.60611	37765.57279	10
1	93	39593.3218	21772.81887	0	45592.89445	25774.78778	10
1	94	39592.82487	25774.78778	0	45592.89445	31712.96009	10
1	95	44593.72778	16320.89404	0	48091.22778	18361.53405	10
1	96	45592.89445	21772.81887	0	48091.22778	23210.42684	10
1	97	42592.58391	18361.53405	0	48091.22778	21772.81887	10
1	98	43042.47938	31712.96009	0	48130.84029	34760.10215	10
1	99	44601.60611	34768.69957	0	48587.69954	37765.57279	10
1	100	48587.69954	34768.69957	0	51592.89445	36395.61417	10
1	101	50091.12906	36395.61417	0	51592.89445	37765.57279	10
1	102	48587.69954	36395.61417	0	50091.12906	37765.57279	10
1	103	45592.89445	23210.42684	0	54089.75147	25774.78778	10
1	104	48091.22778	20168.51558	0	54089.75147	23210.42684	10
1	105	51592.89445	25774.78778	0	54092.89445	32771.62207	10
1	106	54092.89445	27688.00268	0	56592.89445	34768.69957	10
1	107	51592.89445	32771.62207	0	54092.89445	34768.69957	10
1	108	48130.84029	31712.96009	0	51592.89445	34768.69957	10
1	109	45592.89445	25774.78778	0	51592.89445	31712.96009	10
1	110	51592.89445	34768.69957	0	56592.89445	37765.57279	10
1	111	39592.82487	37765.57279	0	60591.82304	41777.90757	10
1	112	56592.89445	34768.69957	0	60591.82304	37765.57279	10
1	113	57342.89445	41777.90757	0	60591.82304	46275.97822	10
1	114	26579.48376	44273.73829	0	28603.50717	46275.97822	10
1	115	23577.23531	41793.37029	0	26579.48376	46275.97822	10
1	116	20593.68397	41793.37029	0	23577.23531	46275.97822	10
1	117	26579.48376	41793.37029	0	32592.33655	44273.73829	10
1	118	33794.61859	44722.07652	0	36592.31641	46275.97822	10
1	119	32592.33655	44722.07652	0	33794.61859	46275.97822	10
1	120	28603.50717	44273.73829	0	32592.33655	46275.97822	10
1	121	32592.33655	41793.37029	0	36592.31641	44722.07652	10
1	122	36592.31641	41793.37029	0	39602.51642	44037.52034	10
1	123	41091.39445	44955.36763	0	42583.65165	46275.97822	10
1	124	39602.51642	44955.36763	0	41091.39445	46275.97822	10
1	125	36592.31641	44037.52034	0	39602.51642	46275.97822	10
1	126	39602.51642	41777.90757	0	42583.65165	44955.36763	10
1	127	42583.65165	41777.90757	0	45592.89445	44037.52034	10
1	128	46794.61859	44722.07652	0	48592.89445	46275.97822	10
1	129	45592.89445	44722.04398	0	46794.61859	46275.97822	10
1	130	42583.65165	44037.52034	0	45592.89445	46275.97822	10
1	131	45592.89445	41777.90757	0	48592.89445	44722.04398	10
1	132	52794.61859	44722.04398	0	54592.36813	46275.97822	10
1	133	49794.61859	44722.04398	0	51592.36813	46275.97822	10
1	134	48592.89445	44722.07652	0	49794.61859	46275.97822	10
1	135	51592.36813	41777.90757	0	54592.36813	44722.04398	10
1	136	48592.89445	41777.90757	0	51592.36813	44722.04398	10
1	137	55794.61859	44722.04398	0	57342.89445	46275.97822	10
1	138	54592.36813	44722.07652	0	55794.61859	46275.97822	10
1	139	51592.36813	44722.04398	0	52794.61859	46275.97822	10
1	140	54592.36813	41777.90757	0	57342.89445	44722.04398	10
1	141	54092.89445	25210.48117	0	60593.23691	27687.763	10
1	142	48091.22778	16320.89404	0	60593.23691	20168.51558	10
1	143	54089.75147	20168.51558	0	60593.23691	25210.48117	10
1	144	684.0631004	12528.61798	2500	3183.975333	15011.72445	2510
1	145	1115.907703	15011.72445	2500	3183.975333	16777.84736	2510
1	146	1423.059513	16777.84736	2500	3183.975333	18551.08716	2510
1	147	1731.449044	18551.08716	2500	3183.975333	21031.2102	2510
1	148	684.0972779	38031.89025	2500	3468.655993	39514.34651	2510
1	149	684.0972779	39514.34651	2500	3468.655993	40293.29439	2510
1	150	3183.975333	18030.46839	2500	6683.403941	21031.2102	2510
1	151	2162.774791	21031.2102	2500	6683.403941	24027.95301	2510
1	152	6683.403941	18030.46839	2500	8683.672303	20035.8791	2510
1	153	6683.403941	20035.8791	2500	8683.672303	26026.44077	2510
1	154	4683.975333	14081.05713	2500	8683.975333	15524.72102	2510
1	155	3183.975333	12528.61798	2500	4683.975333	15524.72102	2510
1	156	8683.672303	22028.11332	2500	11482.2512	23572.31967	2510
1	157	9885.699471	12528.61798	2500	12683.97533	14081.05713	2510
1	158	8683.975333	12528.61798	2500	9885.699471	14081.05713	2510
1	159	4683.975333	12528.61798	2500	7482.251195	14081.05713	2510
1	160	7482.251195	12528.61798	2500	8683.975333	14081.05713	2510
1	161	11482.2512	22028.11332	2500	12683.97533	23578.11332	2510
1	162	8683.672303	23572.31967	2500	12683.97533	26026.44077	2510
1	163	6683.403941	28027.68779	2500	12688.35033	34028.00243	2510
1	164	12688.35033	28027.68779	2500	15482.2512	31029.54569	2510
1	165	12684.50143	31029.54569	2500	15482.2512	34028.11332	2510
1	166	12683.97533	14081.07342	2500	16683.97533	15524.72102	2510
1	167	8683.975333	14081.05713	2500	12683.97533	15524.72102	2510
1	168	12683.97533	12528.61798	2500	15482.2512	14081.05713	2510
1	169	15482.2512	12528.61798	2500	16683.97533	14081.07342	2510
1	170	13885.69947	20500.40989	2500	16687.88838	22028.11332	2510
1	171	8683.672303	20500.40989	2500	11482.2512	22028.11332	2510
1	172	12688.35033	26026.44077	2500	16687.88838	28027.68779	2510
1	173	6683.403941	26026.44077	2500	12683.97533	28027.68779	2510
1	174	15489.58874	31029.54569	2500	16687.88838	32525.48771	2510
1	175	15482.2512	32525.48771	2500	16695.22592	34028.11332	2510
1	176	16687.88838	18030.46839	2500	17885.69947	20500.40989	2510
1	177	12683.97533	18030.46839	2500	16687.88838	20500.40989	2510
1	178	8683.672303	18030.46839	2500	12683.97533	20500.40989	2510
1	179	16687.88838	28027.68779	2500	19139.2819	29501.18211	2510
1	180	15482.2512	28027.68779	2500	16687.88838	29501.18211	2510
1	181	17883.97533	29501.18211	2500	19139.2819	31029.54569	2510
1	182	16687.88838	29501.18211	2500	17883.97533	31029.54569	2510
1	183	15482.2512	29501.18211	2500	16687.88838	31029.54569	2510
1	184	17883.97533	31029.54569	2500	19139.2819	32525.48771	2510
1	185	16687.88838	31029.54569	2500	17883.97533	32525.48771	2510
1	186	17885.69947	18030.46839	2500	20684.83003	22028.11332	2510
1	187	16687.88838	20500.40989	2500	17885.69947	22028.11332	2510
1	188	12683.97533	20500.40989	2500	13885.69947	22028.11332	2510
1	189	11482.2512	20500.40989	2500	12683.97533	22028.11332	2510
1	190	12683.97533	22028.11332	2500	13885.69947	23572.31967	2510
1	191	12683.97533	23572.31967	2500	16687.88838	26026.44077	2510
1	192	13885.69947	22028.11332	2500	16687.88838	23578.11332	2510
1	193	17885.69947	12528.61798	2500	20684.83003	14081.07342	2510
1	194	16683.97533	12528.61798	2500	17885.69947	14081.07342	2510
1	195	16683.97533	14081.07342	2500	20684.83003	15524.72102	2510
1	196	3183.975333	15524.72102	2500	20684.83003	18030.46839	2510
1	197	12684.50143	34028.11332	2500	20685.22533	38031.89025	2510
1	198	6683.403941	34028.11332	2500	12688.35033	38031.89025	2510
1	199	16687.88838	32525.48771	2500	19139.2819	34028.11332	2510
1	200	19145.37351	32224.04582	2500	20685.22533	34028.11332	2510
1	201	19145.37351	30349.29349	2500	20687.61922	32224.04582	2510
1	202	17885.69947	22028.11332	2500	20687.61922	23578.11332	2510
1	203	16687.88838	22028.11332	2500	17885.69947	23586.93653	2510
1	204	16687.88838	23586.93653	2500	20687.61922	26026.44077	2510
1	205	16687.88838	26026.44077	2500	20687.61922	28027.68779	2510
1	206	19139.2819	28027.68779	2500	20687.61922	30349.29349	2510
1	207	20683.97533	41026.83127	2500	21681.89975	42527.41214	2510
1	208	8684.501427	40487.82164	2500	11207.69328	42527.41214	2510
1	209	684.0972779	40293.29439	2500	4682.819798	42527.41214	2510
1	210	3468.655993	38031.89025	2500	5184.870297	40293.29439	2510
1	211	3468.655993	36516.05337	2500	6683.403941	38031.89025	2510
1	212	684.0972779	36516.05337	2500	3468.655993	38031.89025	2510
1	213	684.0972779	31028.3407	2500	6683.403941	34028.00243	2510
1	214	684.0972779	34028.00243	2500	6683.403941	36516.05337	2510
1	215	5184.870297	38031.89025	2500	8684.501427	40293.29439	2510
1	216	4682.819798	40293.29439	2500	8684.501427	42527.41214	2510
1	217	8684.501427	38031.89025	2500	12684.50143	40487.82164	2510
1	218	12684.50143	40501.03773	2500	15207.69328	42527.41214	2510
1	219	11207.69328	40487.82164	2500	12684.50143	42527.41214	2510
1	220	12684.50143	38031.89025	2500	16683.97533	40501.03773	2510
1	221	18160.25738	40501.03773	2500	20683.97533	42527.41214	2510
1	222	16683.97533	40501.03773	2500	18160.25738	42527.41214	2510
1	223	15207.69328	40501.03773	2500	16683.97533	42527.41214	2510
1	224	16683.97533	38031.89025	2500	20683.97533	40501.03773	2510
1	225	20683.97533	38031.89025	2500	23683.44924	41026.83127	2510
1	226	20684.83003	12528.61798	2500	26683.97533	18023.1965	2510
1	227	25686.05092	41026.83127	2500	26692.61379	42527.41214	2510
1	228	23683.44924	41026.83127	2500	25686.05092	42527.41214	2510
1	229	21681.89975	41026.83127	2500	23683.44924	42527.41214	2510
1	230	23683.44924	38031.89025	2500	26692.61379	41026.83127	2510
1	231	23673.18054	25474.14878	2500	27680.22847	28965.71609	2510
1	232	29606.21628	22020.98928	2500	31133.33482	23178.11332	2510
1	233	26692.61379	40503.14885	2500	31207.69213	42527.41214	2510
1	234	26692.61379	38031.89025	2500	32684.47007	40503.14885	2510
1	235	31734.36257	24482.34292	2500	33261.73439	25474.14878	2510
1	236	31133.33482	22020.98928	2500	31734.36257	25474.14878	2510
1	237	29606.21628	24482.34292	2500	31133.33482	25474.14878	2510
1	238	27933.97533	22020.98928	2500	29606.21628	25474.14878	2510
1	239	23673.18054	22028.11332	2500	27934.62699	25474.14878	2510
1	240	29606.21628	23178.11332	2500	31133.33482	24482.34292	2510
1	241	27690.72884	25474.14878	2500	31678.06799	32522.72302	2510
1	242	23673.18054	28965.71609	2500	27690.72884	32522.72302	2510
1	243	31734.36257	22020.98928	2500	33261.73439	23178.11332	2510
1	244	31734.36257	23178.11332	2500	33261.73439	24482.34292	2510
1	245	26683.97533	18023.1965	2500	34937.37167	22020.98928	2510
1	246	20684.83003	18023.1965	2500	26683.97533	22028.11332	2510
1	247	33261.73439	22020.98928	2500	34937.37167	25474.14878	2510
1	248	31678.06799	25474.14878	2500	35689.07404	28957.30556	2510
1	249	31678.06799	28957.30556	2500	35689.07404	32525.12934	2510
1	250	32682.98849	12527.29537	2500	37682.67037	14600.84283	2510
1	251	32684.47007	40501.0393	2500	38207.69328	42527.41214	2510
1	252	34937.37167	22020.98928	2500	39683.97533	25474.14878	2510
1	253	35689.07404	25474.14878	2500	39683.97533	34023.82107	2510
1	254	38207.69328	40501.0393	2500	39683.97533	42527.41214	2510
1	255	31207.69213	40503.14885	2500	32684.47007	42527.41214	2510
1	256	32684.47007	38031.89025	2500	39683.97533	40503.14885	2510
1	257	32682.98849	14600.84283	2500	39683.97533	18023.1965	2510
1	258	34937.37167	18023.1965	2500	39683.97533	22016.22883	2510
1	259	39683.97533	12527.29537	2500	41685.22533	14600.84283	2510
1	260	37682.67037	12527.29537	2500	39683.97533	14600.84283	2510
1	261	44683.97533	27962.81762	2500	46683.97533	31013.11332	2510
1	262	42687.30913	27963.71573	2500	44683.97533	31014.06933	2510
1	263	39683.97533	14600.84283	2500	48183.97533	18023.1965	2510
1	264	45683.22342	31024.30798	2500	48677.32324	32662.11784	2510
1	265	48677.32324	31024.30798	2500	49133.00534	32662.11784	2510
1	266	45683.22342	32662.11784	2500	49133.00534	34023.82107	2510
1	267	45683.97533	40501.03773	2500	50207.69328	42527.41214	2510
1	268	41160.25738	40501.0393	2500	45683.97533	42527.41214	2510
1	269	39683.97533	40501.0393	2500	41160.25738	42527.41214	2510
1	270	39683.97533	18023.1965	2500	51683.62795	22028.11332	2510
1	271	46683.97533	24526.83127	2500	51683.62795	27962.81762	2510
1	272	44683.97533	24526.83127	2500	46683.97533	27962.81762	2510
1	273	39683.97533	24526.83127	2500	44683.97533	27963.71573	2510
1	274	39683.97533	22028.11332	2500	45683.97533	24526.83127	2510
1	275	45683.97533	22028.11332	2500	51683.62795	24526.83127	2510
1	276	48677.32324	27962.81762	2500	51683.62795	31024.30798	2510
1	277	45683.97533	38031.89025	2500	51683.97533	40503.14885	2510
1	278	39683.97533	38031.89025	2500	45683.97533	40503.14885	2510
1	279	49133.00534	31024.30798	2500	51683.97533	32662.11784	2510
1	280	49133.00534	32662.11784	2500	51683.97533	34023.82107	2510
1	281	48183.97533	12527.29537	2500	52182.67037	14597.5872	2510
1	282	52182.67037	12527.29537	2500	54177.80111	14597.5872	2510
1	283	41685.22533	12527.29537	2500	48183.97533	14600.84283	2510
1	284	51683.97533	18023.1965	2500	54177.80111	21463.11332	2510
1	285	48183.97533	14597.5872	2500	54177.80111	18023.1965	2510
1	286	51683.97533	21463.11332	2500	54178.61333	25169.59909	2510
1	287	51683.97533	25169.59909	2500	54185.72568	29025.73546	2510
1	288	51683.97533	29025.73546	2500	54185.72568	31024.30798	2510
1	289	46683.97533	27962.81762	2500	48677.32324	31024.30798	2510
1	290	54185.72568	21463.11332	2500	56684.12675	34021.22668	2510
1	291	53160.25738	40501.03773	2500	57445.0301	42527.41214	2510
1	292	51683.97533	40501.03773	2500	53160.25738	42527.41214	2510
1	293	50207.69328	40501.03773	2500	51683.97533	42527.41214	2510
1	294	51683.97533	38031.89025	2500	57445.0301	40501.03773	2510
1	295	56684.12675	31024.71505	2500	59456.94473	34021.22668	2510
1	296	51683.97533	31024.30798	2500	54185.72568	34023.82107	2510
1	297	54178.61333	12527.80312	2500	60676.86299	21463.62106	2510
1	298	59456.94473	32551.88897	2500	60680.31859	34021.22668	2510
1	299	20685.22533	22028.11332	2500	23673.18054	34028.11332	2510
1	300	59456.94473	31024.71505	2500	60680.31859	32551.88897	2510
1	301	54185.72568	34021.22668	2500	60680.31859	38031.89025	2510
1	302	39683.97533	34023.82107	2500	54185.72568	38031.89025	2510
1	303	35689.39052	34024.5855	2500	39683.97533	38031.89025	2510
1	304	23683.44924	35528.11332	2500	35689.39052	38031.89025	2510
1	305	20685.22533	34028.11332	2500	23683.44924	38031.89025	2510
1	306	23673.18054	32527.79987	2500	35684.49775	35520.30895	2510
1	307	42687.30913	31014.06933	2500	45683.22342	34023.82107	2510
1	308	39683.97533	27963.71573	2500	42687.30913	34024.5855	2510
1	309	57445.0301	38031.89025	2500	60680.31859	42527.41214	2510
1	310	56684.12675	21463.11332	2500	60683.97533	24028.11332	2510
1	311	1582.203135	17619.30663	5000	3036.929018	19104.26352	5010
1	312	1273.842289	15846.23177	5000	3036.929018	17619.30663	5010
1	313	967.033153	14082.07924	5000	3036.929018	15846.23177	5010
1	314	534.6656083	11595.96586	5000	4534.758109	14082.07924	5010
1	315	3036.929018	14082.07924	5000	4534.758109	14593.10544	5010
1	316	2013.557567	20099.59462	5000	6535.292983	23096.27035	5010
1	317	1840.456506	19104.26352	5000	6535.292983	20099.59462	5010
1	318	6535.292983	19104.26352	5000	8534.455079	25094.79885	5010
1	319	5049.57103	37108.41741	5000	8549.975783	39361.6788	5010
1	320	923.4222714	38589.1192	5000	3319.438769	39361.6788	5010
1	321	1057.780464	37108.41741	5000	3319.438769	38589.1192	5010
1	322	1581.881881	33080.80579	5000	3319.438769	35575.53605	5010
1	323	8534.455079	19568.77798	5000	11333.03397	21096.49774	5010
1	324	8534.455079	21096.49774	5000	11333.03397	22640.70409	5010
1	325	6535.805501	33096.49774	5000	12534.41012	37108.41741	5010
1	326	6535.805501	27095.86214	5000	12534.41012	33096.49774	5010
1	327	6535.805501	25094.79885	5000	12534.41012	27095.86214	5010
1	328	9736.482247	11591.17855	5000	12534.75811	13149.20117	5010
1	329	8534.758109	11591.17855	5000	9736.482247	13149.20117	5010
1	330	7333.033971	11591.17855	5000	8534.758109	13149.20117	5010
1	331	4534.758109	11596.49774	5000	7333.033971	13149.20117	5010
1	332	3036.929018	17098.85281	5000	8534.455079	19104.26352	5010
1	333	8534.758109	13149.20117	5000	12534.75811	14593.10544	5010
1	334	4534.758109	13149.20117	5000	8534.758109	14593.10544	5010
1	335	8534.455079	22640.70409	5000	12534.75811	25094.79885	5010
1	336	11333.03397	21096.49774	5000	12534.75811	22640.70409	5010
1	337	12534.75811	19568.77798	5000	13736.48225	21096.49774	5010
1	338	11333.03397	19568.77798	5000	12534.75811	21096.49774	5010
1	339	12534.75811	21096.49774	5000	13736.48225	22640.70409	5010
1	340	12534.75811	11591.17855	5000	15333.03397	13149.32084	5010
1	341	12534.75811	13149.20117	5000	16534.75811	14593.10544	5010
1	342	15333.03397	11591.17855	5000	16534.75811	13149.32084	5010
1	343	12534.75811	25094.79885	5000	16538.26998	27095.86214	5010
1	344	12534.41012	27095.86214	5000	16538.26998	33096.49774	5010
1	345	12534.75811	17098.85281	5000	16538.26998	19568.55392	5010
1	346	8534.455079	17098.85281	5000	12534.75811	19568.77798	5010
1	347	13736.48225	19568.77798	5000	16538.26998	21096.49774	5010
1	348	16538.26998	22660.63607	5000	17736.48225	25094.79885	5010
1	349	12534.75811	22640.70409	5000	16538.26998	25094.79885	5010
1	350	16538.26998	17098.85281	5000	17736.48225	19568.55392	5010
1	351	16538.26998	21096.49774	5000	17736.48225	22660.63607	5010
1	352	13736.48225	21096.49774	5000	16538.26998	22660.63607	5010
1	353	17734.75811	30096.49774	5000	19035.6353	31491.36393	5010
1	354	16538.26998	30096.49774	5000	17734.75811	31491.36393	5010
1	355	17734.75811	28569.93672	5000	19035.6353	30096.49774	5010
1	356	16538.26998	28569.93672	5000	17734.75811	30096.49774	5010
1	357	17736.48225	11591.17855	5000	20535.61281	13149.32084	5010
1	358	16534.75811	11591.17855	5000	17736.48225	13149.32084	5010
1	359	16534.75811	13149.32084	5000	20535.61281	14593.10544	5010
1	360	16538.26998	31491.36393	5000	20536.00811	33096.49774	5010
1	361	19035.6353	28569.93672	5000	20546.47176	29417.67791	5010
1	362	16538.26998	27095.86214	5000	20546.47176	28569.93672	5010
1	363	16538.26998	25094.79885	5000	20546.47176	27095.86214	5010
1	364	17736.48225	17098.85281	5000	20546.47176	21096.49774	5010
1	365	16538.26998	19568.55392	5000	17736.48225	21096.49774	5010
1	366	17736.48225	21096.49774	5000	20546.47176	25094.79885	5010
1	367	18011.04016	39556.34036	5000	23534.75811	41600.40128	5010
1	368	16542.88439	39556.34036	5000	18011.04016	41600.40128	5010
1	369	15058.47606	39556.34036	5000	16542.88439	41600.40128	5010
1	370	8549.975783	39556.34036	5000	15058.47606	41600.40128	5010
1	371	534.0792317	39361.6788	5000	4559.360979	41600.40128	5010
1	372	3319.438769	37108.41741	5000	5049.57103	39361.6788	5010
1	373	3319.438769	33080.80579	5000	6535.805501	37108.41741	5010
1	374	1315.293818	35575.53605	5000	3319.438769	37108.41741	5010
1	375	2015.748012	30089.07087	5000	6535.805501	33080.80579	5010
1	376	4559.360979	39361.6788	5000	8549.975783	41600.40128	5010
1	377	16542.88439	37108.41741	5000	23534.75811	39556.34036	5010
1	378	8549.975783	37108.41741	5000	16542.88439	39556.34036	5010
1	379	20536.00811	33096.49774	5000	23534.75811	37107.35794	5010
1	380	12534.41012	33096.49774	5000	20536.00811	37108.41741	5010
1	381	20536.00811	31595.96875	5000	23534.75811	33096.49774	5010
1	382	20535.61281	11591.17855	5000	26534.75811	14646.49774	5010
1	383	20535.61281	14646.49774	5000	26534.75811	17096.49774	5010
1	384	3036.929018	14593.10544	5000	20535.61281	17098.85281	5010
1	385	19035.6353	31246.49774	5000	20536.00811	31491.36393	5010
1	386	19035.6353	29417.67791	5000	20546.47176	31246.49774	5010
1	387	20546.47176	21096.49774	5000	24216.23812	31594.52229	5010
1	388	26534.75811	17096.49774	5000	34833.45669	21089.24871	5010
1	389	20546.47176	17096.49774	5000	26534.75811	21096.49774	5010
1	390	31431.94756	23550.72733	5000	33112.44817	24565.86527	5010
1	391	33112.44817	21089.24871	5000	34833.45669	24565.86527	5010
1	392	27568.11195	21089.24871	5000	29457.079	24565.86527	5010
1	393	24234.75811	21089.24871	5000	27568.11195	24565.86527	5010
1	394	24234.75811	24565.86527	5000	27568.11195	27954.10862	5010
1	395	31431.94756	24565.86527	5000	34833.45669	28064.00333	5010
1	396	34833.45669	21104.90544	5000	39534.75811	31587.46225	5010
1	397	31431.94756	28064.00333	5000	34833.45669	31594.14599	5010
1	398	24216.23812	27954.10862	5000	27568.11195	31595.96875	5010
1	399	29457.079	21089.24871	5000	30934.75811	22246.49774	5010
1	400	30934.75811	21089.24871	5000	31431.94756	24565.86527	5010
1	401	29457.079	23550.72733	5000	30934.75811	24565.86527	5010
1	402	31431.94756	21089.24871	5000	33112.44817	22246.49774	5010
1	403	31431.94756	22246.49774	5000	33112.44817	23550.72733	5010
1	404	29457.079	22246.49774	5000	30934.75811	23550.72733	5010
1	405	35538.55995	31594.14599	5000	39534.75811	37101.59785	5010
1	406	37533.45315	11596.49774	5000	39534.75811	13683.96912	5010
1	407	32533.77127	11592.48171	5000	37533.45315	13683.96912	5010
1	408	32533.77127	13683.96912	5000	39534.75811	17092.7274	5010
1	409	50009.27477	27031.39764	5000	51534.69698	29046.65511	5010
1	410	48531.22734	27031.39764	5000	50009.27477	29046.65511	5010
1	411	41060.24144	27031.39764	5000	42534.75815	29046.65511	5010
1	412	39534.75811	27031.39764	5000	41060.24144	29046.65511	5010
1	413	37036.04016	39556.34036	5000	44009.75811	41600.40128	5010
1	414	35538.55995	39556.34036	5000	37036.04016	41600.40128	5010
1	415	39534.75811	17092.7274	5000	51534.69698	21104.90544	5010
1	416	34833.45669	17092.7274	5000	39534.75811	21104.90544	5010
1	417	47032.11003	25016.34036	5000	51534.69698	27031.39764	5010
1	418	39534.75811	25016.34036	5000	44058.47606	27031.39764	5010
1	419	45538.8694	21104.90544	5000	51534.69698	25016.34036	5010
1	420	39534.75811	21104.90544	5000	45538.8694	25016.34036	5010
1	421	45538.8694	25016.34036	5000	47032.11003	27031.39764	5010
1	422	44058.47606	25016.34036	5000	45538.8694	27031.39764	5010
1	423	44009.75811	37101.59785	5000	51542.88729	39556.34036	5010
1	424	35538.55995	37101.59785	5000	44009.75811	39556.34036	5010
1	425	48034.75811	11596.49774	5000	52033.45315	13683.96912	5010
1	426	41536.00811	11596.49774	5000	48034.75811	13683.96912	5010
1	427	39534.75811	11596.49774	5000	41536.00811	13683.96912	5010
1	428	51534.69698	23096.49774	5000	54033.20174	24265.39294	5010
1	429	39534.75811	33090.08328	5000	54033.20174	37101.59785	5010
1	430	51534.69698	28093.09947	5000	54033.20174	33090.08328	5010
1	431	48531.22734	29046.65511	5000	51534.69698	33090.08328	5010
1	432	42534.75815	29046.65511	5000	48531.22734	33090.08328	5010
1	433	39534.75811	29046.65511	5000	42534.75815	33090.08328	5010
1	434	47032.11003	27031.39764	5000	48531.22734	29046.65511	5010
1	435	42534.75815	27031.39764	5000	47032.11003	29046.65511	5010
1	436	51534.69698	24265.39294	5000	54033.20174	28093.09947	5010
1	437	51534.69698	17092.7274	5000	54042.24019	20531.85462	5010
1	438	51534.69698	20531.85462	5000	54042.24019	23096.49774	5010
1	439	48034.75811	13683.96912	5000	54042.24019	17092.7274	5010
1	440	39534.75811	13683.96912	5000	48034.75811	17092.7274	5010
1	441	52033.45315	11596.49774	5000	54042.24019	13683.96912	5010
1	442	54042.24019	13683.96912	5000	56036.00811	20531.85462	5010
1	443	54042.24019	11596.49774	5000	56036.00811	13683.96912	5010
1	444	54042.24019	20531.85462	5000	56534.70234	23096.49774	5010
1	445	54033.20174	23096.49774	5000	56534.70234	24237.98351	5010
1	446	54033.20174	24265.39294	5000	56534.70234	33089.6111	5010
1	447	54033.20174	33090.08328	5000	56534.70234	37101.59785	5010
1	448	53011.04016	39556.34036	5000	57295.81288	41600.40128	5010
1	449	51542.88729	39556.34036	5000	53011.04016	41600.40128	5010
1	450	44009.75811	39556.34036	5000	50058.47606	41600.40128	5010
1	451	50058.47606	39556.34036	5000	51542.88729	41600.40128	5010
1	452	51542.88729	37101.59785	5000	57295.81288	39556.34036	5010
1	453	56534.70234	33089.6111	5000	60525.81823	37101.59785	5010
1	454	57295.81288	37101.59785	5000	60525.81823	41600.40128	5010
1	455	59294.79784	31620.27338	5000	60525.81823	33089.6111	5010
1	456	56534.70234	30083.87487	5000	59294.79784	33089.6111	5010
1	457	59294.79784	30083.87487	5000	60525.81823	31620.27338	5010
1	458	56534.70234	20531.85462	5000	60534.75811	23096.49774	5010
1	459	56036.00811	11596.49774	5000	60534.75811	20531.85462	5010
1	460	1582.203135	17619.30663	7500	3036.929018	19104.26352	7510
1	461	1273.842289	15846.23177	7500	3036.929018	17619.30663	7510
1	462	967.033153	14082.07924	7500	3036.929018	15846.23177	7510
1	463	534.6656083	11595.96586	7500	4534.758109	14082.07924	7510
1	464	3036.929018	14082.07924	7500	4534.758109	14593.10544	7510
1	465	2013.557567	20099.59462	7500	6535.292983	23096.27035	7510
1	466	1840.456506	19104.26352	7500	6535.292983	20099.59462	7510
1	467	6535.292983	19104.26352	7500	8534.455079	25094.79885	7510
1	468	5049.57103	37108.41741	7500	8549.975783	39361.6788	7510
1	469	923.4222714	38589.1192	7500	3319.438769	39361.6788	7510
1	470	1057.780464	37108.41741	7500	3319.438769	38589.1192	7510
1	471	1581.881881	33080.80579	7500	3319.438769	35575.53605	7510
1	472	8534.455079	19568.77798	7500	11333.03397	21096.49774	7510
1	473	8534.455079	21096.49774	7500	11333.03397	22640.70409	7510
1	474	6535.805501	33096.49774	7500	12534.41012	37108.41741	7510
1	475	6535.805501	27095.86214	7500	12534.41012	33096.49774	7510
1	476	6535.805501	25094.79885	7500	12534.41012	27095.86214	7510
1	477	9736.482247	11591.17855	7500	12534.75811	13149.20117	7510
1	478	8534.758109	11591.17855	7500	9736.482247	13149.20117	7510
1	479	7333.033971	11591.17855	7500	8534.758109	13149.20117	7510
1	480	4534.758109	11596.49774	7500	7333.033971	13149.20117	7510
1	481	3036.929018	17098.85281	7500	8534.455079	19104.26352	7510
1	482	8534.758109	13149.20117	7500	12534.75811	14593.10544	7510
1	483	4534.758109	13149.20117	7500	8534.758109	14593.10544	7510
1	484	8534.455079	22640.70409	7500	12534.75811	25094.79885	7510
1	485	11333.03397	21096.49774	7500	12534.75811	22640.70409	7510
1	486	12534.75811	19568.77798	7500	13736.48225	21096.49774	7510
1	487	11333.03397	19568.77798	7500	12534.75811	21096.49774	7510
1	488	12534.75811	21096.49774	7500	13736.48225	22640.70409	7510
1	489	12534.75811	11591.17855	7500	15333.03397	13149.32084	7510
1	490	12534.75811	13149.20117	7500	16534.75811	14593.10544	7510
1	491	15333.03397	11591.17855	7500	16534.75811	13149.32084	7510
1	492	12534.75811	25094.79885	7500	16538.26998	27095.86214	7510
1	493	12534.41012	27095.86214	7500	16538.26998	33096.49774	7510
1	494	12534.75811	17098.85281	7500	16538.26998	19568.55392	7510
1	495	8534.455079	17098.85281	7500	12534.75811	19568.77798	7510
1	496	13736.48225	19568.77798	7500	16538.26998	21096.49774	7510
1	497	16538.26998	22660.63607	7500	17736.48225	25094.79885	7510
1	498	12534.75811	22640.70409	7500	16538.26998	25094.79885	7510
1	499	16538.26998	17098.85281	7500	17736.48225	19568.55392	7510
1	500	16538.26998	21096.49774	7500	17736.48225	22660.63607	7510
1	501	13736.48225	21096.49774	7500	16538.26998	22660.63607	7510
1	502	17734.75811	30096.49774	7500	19035.6353	31491.36393	7510
1	503	16538.26998	30096.49774	7500	17734.75811	31491.36393	7510
1	504	17734.75811	28569.93672	7500	19035.6353	30096.49774	7510
1	505	16538.26998	28569.93672	7500	17734.75811	30096.49774	7510
1	506	17736.48225	11591.17855	7500	20535.61281	13149.32084	7510
1	507	16534.75811	11591.17855	7500	17736.48225	13149.32084	7510
1	508	16534.75811	13149.32084	7500	20535.61281	14593.10544	7510
1	509	16538.26998	31491.36393	7500	20536.00811	33096.49774	7510
1	510	19035.6353	28569.93672	7500	20546.47176	29417.67791	7510
1	511	16538.26998	27095.86214	7500	20546.47176	28569.93672	7510
1	512	16538.26998	25094.79885	7500	20546.47176	27095.86214	7510
1	513	17736.48225	17098.85281	7500	20546.47176	21096.49774	7510
1	514	16538.26998	19568.55392	7500	17736.48225	21096.49774	7510
1	515	17736.48225	21096.49774	7500	20546.47176	25094.79885	7510
1	516	18011.04016	39556.34036	7500	23534.75811	41600.40128	7510
1	517	16542.88439	39556.34036	7500	18011.04016	41600.40128	7510
1	518	15058.47606	39556.34036	7500	16542.88439	41600.40128	7510
1	519	8549.975783	39556.34036	7500	15058.47606	41600.40128	7510
1	520	534.0792317	39361.6788	7500	4559.360979	41600.40128	7510
1	521	3319.438769	37108.41741	7500	5049.57103	39361.6788	7510
1	522	3319.438769	33080.80579	7500	6535.805501	37108.41741	7510
1	523	1315.293818	35575.53605	7500	3319.438769	37108.41741	7510
1	524	2015.748012	30089.07087	7500	6535.805501	33080.80579	7510
1	525	4559.360979	39361.6788	7500	8549.975783	41600.40128	7510
1	526	16542.88439	37108.41741	7500	23534.75811	39556.34036	7510
1	527	8549.975783	37108.41741	7500	16542.88439	39556.34036	7510
1	528	20536.00811	33096.49774	7500	23534.75811	37107.35794	7510
1	529	12534.41012	33096.49774	7500	20536.00811	37108.41741	7510
1	530	20536.00811	31595.96875	7500	23534.75811	33096.49774	7510
1	531	20535.61281	11591.17855	7500	26534.75811	14646.49774	7510
1	532	20535.61281	14646.49774	7500	26534.75811	17096.49774	7510
1	533	3036.929018	14593.10544	7500	20535.61281	17098.85281	7510
1	534	19035.6353	31246.49774	7500	20536.00811	31491.36393	7510
1	535	19035.6353	29417.67791	7500	20546.47176	31246.49774	7510
1	536	20546.47176	21096.49774	7500	24216.23812	31594.52229	7510
1	537	26534.75811	17096.49774	7500	34833.45669	21089.24871	7510
1	538	20546.47176	17096.49774	7500	26534.75811	21096.49774	7510
1	539	31431.94756	23550.72733	7500	33112.44817	24565.86527	7510
1	540	33112.44817	21089.24871	7500	34833.45669	24565.86527	7510
1	541	27568.11195	21089.24871	7500	29457.079	24565.86527	7510
1	542	24234.75811	21089.24871	7500	27568.11195	24565.86527	7510
1	543	24234.75811	24565.86527	7500	27568.11195	27954.10862	7510
1	544	31431.94756	24565.86527	7500	34833.45669	28064.00333	7510
1	545	34833.45669	21104.90544	7500	39534.75811	31587.46225	7510
1	546	31431.94756	28064.00333	7500	34833.45669	31594.14599	7510
1	547	24216.23812	27954.10862	7500	27568.11195	31595.96875	7510
1	548	29457.079	21089.24871	7500	30934.75811	22246.49774	7510
1	549	30934.75811	21089.24871	7500	31431.94756	24565.86527	7510
1	550	29457.079	23550.72733	7500	30934.75811	24565.86527	7510
1	551	31431.94756	21089.24871	7500	33112.44817	22246.49774	7510
1	552	31431.94756	22246.49774	7500	33112.44817	23550.72733	7510
1	553	29457.079	22246.49774	7500	30934.75811	23550.72733	7510
1	554	35538.55995	31594.14599	7500	39534.75811	37101.59785	7510
1	555	37533.45315	11596.49774	7500	39534.75811	13683.96912	7510
1	556	32533.77127	11592.48171	7500	37533.45315	13683.96912	7510
1	557	32533.77127	13683.96912	7500	39534.75811	17092.7274	7510
1	558	50009.27477	27031.39764	7500	51534.69698	29046.65511	7510
1	559	48531.22734	27031.39764	7500	50009.27477	29046.65511	7510
1	560	41060.24144	27031.39764	7500	42534.75815	29046.65511	7510
1	561	39534.75811	27031.39764	7500	41060.24144	29046.65511	7510
1	562	37036.04016	39556.34036	7500	44009.75811	41600.40128	7510
1	563	35538.55995	39556.34036	7500	37036.04016	41600.40128	7510
1	564	39534.75811	17092.7274	7500	51534.69698	21104.90544	7510
1	565	34833.45669	17092.7274	7500	39534.75811	21104.90544	7510
1	566	47032.11003	25016.34036	7500	51534.69698	27031.39764	7510
1	567	39534.75811	25016.34036	7500	44058.47606	27031.39764	7510
1	568	45538.8694	21104.90544	7500	51534.69698	25016.34036	7510
1	569	39534.75811	21104.90544	7500	45538.8694	25016.34036	7510
1	570	45538.8694	25016.34036	7500	47032.11003	27031.39764	7510
1	571	44058.47606	25016.34036	7500	45538.8694	27031.39764	7510
1	572	44009.75811	37101.59785	7500	51542.88729	39556.34036	7510
1	573	35538.55995	37101.59785	7500	44009.75811	39556.34036	7510
1	574	48034.75811	11596.49774	7500	52033.45315	13683.96912	7510
1	575	41536.00811	11596.49774	7500	48034.75811	13683.96912	7510
1	576	39534.75811	11596.49774	7500	41536.00811	13683.96912	7510
1	577	51534.69698	23096.49774	7500	54033.20174	24265.39294	7510
1	578	39534.75811	33090.08328	7500	54033.20174	37101.59785	7510
1	579	51534.69698	28093.09947	7500	54033.20174	33090.08328	7510
1	580	48531.22734	29046.65511	7500	51534.69698	33090.08328	7510
1	581	42534.75815	29046.65511	7500	48531.22734	33090.08328	7510
1	582	39534.75811	29046.65511	7500	42534.75815	33090.08328	7510
1	583	47032.11003	27031.39764	7500	48531.22734	29046.65511	7510
1	584	42534.75815	27031.39764	7500	47032.11003	29046.65511	7510
1	585	51534.69698	24265.39294	7500	54033.20174	28093.09947	7510
1	586	51534.69698	17092.7274	7500	54042.24019	20531.85462	7510
1	587	51534.69698	20531.85462	7500	54042.24019	23096.49774	7510
1	588	48034.75811	13683.96912	7500	54042.24019	17092.7274	7510
1	589	39534.75811	13683.96912	7500	48034.75811	17092.7274	7510
1	590	52033.45315	11596.49774	7500	54042.24019	13683.96912	7510
1	591	54042.24019	13683.96912	7500	56036.00811	20531.85462	7510
1	592	54042.24019	11596.49774	7500	56036.00811	13683.96912	7510
1	593	54042.24019	20531.85462	7500	56534.70234	23096.49774	7510
1	594	54033.20174	23096.49774	7500	56534.70234	24237.98351	7510
1	595	54033.20174	24265.39294	7500	56534.70234	33089.6111	7510
1	596	54033.20174	33090.08328	7500	56534.70234	37101.59785	7510
1	597	53011.04016	39556.34036	7500	57295.81288	41600.40128	7510
1	598	51542.88729	39556.34036	7500	53011.04016	41600.40128	7510
1	599	44009.75811	39556.34036	7500	50058.47606	41600.40128	7510
1	600	50058.47606	39556.34036	7500	51542.88729	41600.40128	7510
1	601	51542.88729	37101.59785	7500	57295.81288	39556.34036	7510
1	602	56534.70234	33089.6111	7500	60525.81823	37101.59785	7510
1	603	57295.81288	37101.59785	7500	60525.81823	41600.40128	7510
1	604	59294.79784	31620.27338	7500	60525.81823	33089.6111	7510
1	605	56534.70234	30083.87487	7500	59294.79784	33089.6111	7510
1	606	59294.79784	30083.87487	7500	60525.81823	31620.27338	7510
1	607	56534.70234	20531.85462	7500	60534.75811	23096.49774	7510
1	608	56036.00811	11596.49774	7500	60534.75811	20531.85462	7510
1	609	1582.203135	17619.30663	10000	3036.929018	19104.26352	10010
1	610	1273.842289	15846.23177	10000	3036.929018	17619.30663	10010
1	611	967.033153	14082.07924	10000	3036.929018	15846.23177	10010
1	612	534.6656083	11595.96586	10000	4534.758109	14082.07924	10010
1	613	3036.929018	14082.07924	10000	4534.758109	14593.10544	10010
1	614	2013.557567	20099.59462	10000	6535.292983	23096.27035	10010
1	615	1840.456506	19104.26352	10000	6535.292983	20099.59462	10010
1	616	6535.292983	19104.26352	10000	8534.455079	25094.79885	10010
1	617	5049.57103	37108.41741	10000	8549.975783	39361.6788	10010
1	618	923.4222714	38589.1192	10000	3319.438769	39361.6788	10010
1	619	1057.780464	37108.41741	10000	3319.438769	38589.1192	10010
1	620	1581.881881	33080.80579	10000	3319.438769	35575.53605	10010
1	621	8534.455079	19568.77798	10000	11333.03397	21096.49774	10010
1	622	8534.455079	21096.49774	10000	11333.03397	22640.70409	10010
1	623	6535.805501	33096.49774	10000	12534.41012	37108.41741	10010
1	624	6535.805501	27095.86214	10000	12534.41012	33096.49774	10010
1	625	6535.805501	25094.79885	10000	12534.41012	27095.86214	10010
1	626	9736.482247	11591.17855	10000	12534.75811	13149.20117	10010
1	627	8534.758109	11591.17855	10000	9736.482247	13149.20117	10010
1	628	7333.033971	11591.17855	10000	8534.758109	13149.20117	10010
1	629	4534.758109	11596.49774	10000	7333.033971	13149.20117	10010
1	630	3036.929018	17098.85281	10000	8534.455079	19104.26352	10010
1	631	8534.758109	13149.20117	10000	12534.75811	14593.10544	10010
1	632	4534.758109	13149.20117	10000	8534.758109	14593.10544	10010
1	633	8534.455079	22640.70409	10000	12534.75811	25094.79885	10010
1	634	11333.03397	21096.49774	10000	12534.75811	22640.70409	10010
1	635	12534.75811	19568.77798	10000	13736.48225	21096.49774	10010
1	636	11333.03397	19568.77798	10000	12534.75811	21096.49774	10010
1	637	12534.75811	21096.49774	10000	13736.48225	22640.70409	10010
1	638	12534.75811	11591.17855	10000	15333.03397	13149.32084	10010
1	639	12534.75811	13149.20117	10000	16534.75811	14593.10544	10010
1	640	15333.03397	11591.17855	10000	16534.75811	13149.32084	10010
1	641	12534.75811	25094.79885	10000	16538.26998	27095.86214	10010
1	642	12534.41012	27095.86214	10000	16538.26998	33096.49774	10010
1	643	12534.75811	17098.85281	10000	16538.26998	19568.55392	10010
1	644	8534.455079	17098.85281	10000	12534.75811	19568.77798	10010
1	645	13736.48225	19568.77798	10000	16538.26998	21096.49774	10010
1	646	16538.26998	22660.63607	10000	17736.48225	25094.79885	10010
1	647	12534.75811	22640.70409	10000	16538.26998	25094.79885	10010
1	648	16538.26998	17098.85281	10000	17736.48225	19568.55392	10010
1	649	16538.26998	21096.49774	10000	17736.48225	22660.63607	10010
1	650	13736.48225	21096.49774	10000	16538.26998	22660.63607	10010
1	651	17734.75811	30096.49774	10000	19035.6353	31491.36393	10010
1	652	16538.26998	30096.49774	10000	17734.75811	31491.36393	10010
1	653	17734.75811	28569.93672	10000	19035.6353	30096.49774	10010
1	654	16538.26998	28569.93672	10000	17734.75811	30096.49774	10010
1	655	17736.48225	11591.17855	10000	20535.61281	13149.32084	10010
1	656	16534.75811	11591.17855	10000	17736.48225	13149.32084	10010
1	657	16534.75811	13149.32084	10000	20535.61281	14593.10544	10010
1	658	16538.26998	31491.36393	10000	20536.00811	33096.49774	10010
1	659	19035.6353	28569.93672	10000	20546.47176	29417.67791	10010
1	660	16538.26998	27095.86214	10000	20546.47176	28569.93672	10010
1	661	16538.26998	25094.79885	10000	20546.47176	27095.86214	10010
1	662	17736.48225	17098.85281	10000	20546.47176	21096.49774	10010
1	663	16538.26998	19568.55392	10000	17736.48225	21096.49774	10010
1	664	17736.48225	21096.49774	10000	20546.47176	25094.79885	10010
1	665	18011.04016	39556.34036	10000	23534.75811	41600.40128	10010
1	666	16542.88439	39556.34036	10000	18011.04016	41600.40128	10010
1	667	15058.47606	39556.34036	10000	16542.88439	41600.40128	10010
1	668	8549.975783	39556.34036	10000	15058.47606	41600.40128	10010
1	669	534.0792317	39361.6788	10000	4559.360979	41600.40128	10010
1	670	3319.438769	37108.41741	10000	5049.57103	39361.6788	10010
1	671	3319.438769	33080.80579	10000	6535.805501	37108.41741	10010
1	672	1315.293818	35575.53605	10000	3319.438769	37108.41741	10010
1	673	2015.748012	30089.07087	10000	6535.805501	33080.80579	10010
1	674	4559.360979	39361.6788	10000	8549.975783	41600.40128	10010
1	675	16542.88439	37108.41741	10000	23534.75811	39556.34036	10010
1	676	8549.975783	37108.41741	10000	16542.88439	39556.34036	10010
1	677	20536.00811	33096.49774	10000	23534.75811	37107.35794	10010
1	678	12534.41012	33096.49774	10000	20536.00811	37108.41741	10010
1	679	20536.00811	31595.96875	10000	23534.75811	33096.49774	10010
1	680	20535.61281	11591.17855	10000	26534.75811	14646.49774	10010
1	681	20535.61281	14646.49774	10000	26534.75811	17096.49774	10010
1	682	3036.929018	14593.10544	10000	20535.61281	17098.85281	10010
1	683	19035.6353	31246.49774	10000	20536.00811	31491.36393	10010
1	684	19035.6353	29417.67791	10000	20546.47176	31246.49774	10010
1	685	20546.47176	21096.49774	10000	24216.23812	31594.52229	10010
1	686	26534.75811	17096.49774	10000	34833.45669	21089.24871	10010
1	687	20546.47176	17096.49774	10000	26534.75811	21096.49774	10010
1	688	31431.94756	23550.72733	10000	33112.44817	24565.86527	10010
1	689	33112.44817	21089.24871	10000	34833.45669	24565.86527	10010
1	690	27568.11195	21089.24871	10000	29457.079	24565.86527	10010
1	691	24234.75811	21089.24871	10000	27568.11195	24565.86527	10010
1	692	24234.75811	24565.86527	10000	27568.11195	27954.10862	10010
1	693	31431.94756	24565.86527	10000	34833.45669	28064.00333	10010
1	694	34833.45669	21104.90544	10000	39534.75811	31587.46225	10010
1	695	31431.94756	28064.00333	10000	34833.45669	31594.14599	10010
1	696	24216.23812	27954.10862	10000	27568.11195	31595.96875	10010
1	697	29457.079	21089.24871	10000	30934.75811	22246.49774	10010
1	698	30934.75811	21089.24871	10000	31431.94756	24565.86527	10010
1	699	29457.079	23550.72733	10000	30934.75811	24565.86527	10010
1	700	31431.94756	21089.24871	10000	33112.44817	22246.49774	10010
1	701	31431.94756	22246.49774	10000	33112.44817	23550.72733	10010
1	702	29457.079	22246.49774	10000	30934.75811	23550.72733	10010
1	703	35538.55995	31594.14599	10000	39534.75811	37101.59785	10010
1	704	37533.45315	11596.49774	10000	39534.75811	13683.96912	10010
1	705	32533.77127	11592.48171	10000	37533.45315	13683.96912	10010
1	706	32533.77127	13683.96912	10000	39534.75811	17092.7274	10010
1	707	50009.27477	27031.39764	10000	51534.69698	29046.65511	10010
1	708	48531.22734	27031.39764	10000	50009.27477	29046.65511	10010
1	709	41060.24144	27031.39764	10000	42534.75815	29046.65511	10010
1	710	39534.75811	27031.39764	10000	41060.24144	29046.65511	10010
1	711	37036.04016	39556.34036	10000	44009.75811	41600.40128	10010
1	712	35538.55995	39556.34036	10000	37036.04016	41600.40128	10010
1	713	39534.75811	17092.7274	10000	51534.69698	21104.90544	10010
1	714	34833.45669	17092.7274	10000	39534.75811	21104.90544	10010
1	715	47032.11003	25016.34036	10000	51534.69698	27031.39764	10010
1	716	39534.75811	25016.34036	10000	44058.47606	27031.39764	10010
1	717	45538.8694	21104.90544	10000	51534.69698	25016.34036	10010
1	718	39534.75811	21104.90544	10000	45538.8694	25016.34036	10010
1	719	45538.8694	25016.34036	10000	47032.11003	27031.39764	10010
1	720	44058.47606	25016.34036	10000	45538.8694	27031.39764	10010
1	721	44009.75811	37101.59785	10000	51542.88729	39556.34036	10010
1	722	35538.55995	37101.59785	10000	44009.75811	39556.34036	10010
1	723	48034.75811	11596.49774	10000	52033.45315	13683.96912	10010
1	724	41536.00811	11596.49774	10000	48034.75811	13683.96912	10010
1	725	39534.75811	11596.49774	10000	41536.00811	13683.96912	10010
1	726	51534.69698	23096.49774	10000	54033.20174	24265.39294	10010
1	727	39534.75811	33090.08328	10000	54033.20174	37101.59785	10010
1	728	51534.69698	28093.09947	10000	54033.20174	33090.08328	10010
1	729	48531.22734	29046.65511	10000	51534.69698	33090.08328	10010
1	730	42534.75815	29046.65511	10000	48531.22734	33090.08328	10010
1	731	39534.75811	29046.65511	10000	42534.75815	33090.08328	10010
1	732	47032.11003	27031.39764	10000	48531.22734	29046.65511	10010
1	733	42534.75815	27031.39764	10000	47032.11003	29046.65511	10010
1	734	51534.69698	24265.39294	10000	54033.20174	28093.09947	10010
1	735	51534.69698	17092.7274	10000	54042.24019	20531.85462	10010
1	736	51534.69698	20531.85462	10000	54042.24019	23096.49774	10010
1	737	48034.75811	13683.96912	10000	54042.24019	17092.7274	10010
1	738	39534.75811	13683.96912	10000	48034.75811	17092.7274	10010
1	739	52033.45315	11596.49774	10000	54042.24019	13683.96912	10010
1	740	54042.24019	13683.96912	10000	56036.00811	20531.85462	10010
1	741	54042.24019	11596.49774	10000	56036.00811	13683.96912	10010
1	742	54042.24019	20531.85462	10000	56534.70234	23096.49774	10010
1	743	54033.20174	23096.49774	10000	56534.70234	24237.98351	10010
1	744	54033.20174	24265.39294	10000	56534.70234	33089.6111	10010
1	745	54033.20174	33090.08328	10000	56534.70234	37101.59785	10010
1	746	53011.04016	39556.34036	10000	57295.81288	41600.40128	10010
1	747	51542.88729	39556.34036	10000	53011.04016	41600.40128	10010
1	748	44009.75811	39556.34036	10000	50058.47606	41600.40128	10010
1	749	50058.47606	39556.34036	10000	51542.88729	41600.40128	10010
1	750	51542.88729	37101.59785	10000	57295.81288	39556.34036	10010
1	751	56534.70234	33089.6111	10000	60525.81823	37101.59785	10010
1	752	57295.81288	37101.59785	10000	60525.81823	41600.40128	10010
1	753	59294.79784	31620.27338	10000	60525.81823	33089.6111	10010
1	754	56534.70234	30083.87487	10000	59294.79784	33089.6111	10010
1	755	59294.79784	30083.87487	10000	60525.81823	31620.27338	10010
1	756	56534.70234	20531.85462	10000	60534.75811	23096.49774	10010
1	757	56036.00811	11596.49774	10000	60534.75811	20531.85462	10010
1	758	1582.203135	17619.30663	12500	3036.929018	19104.26352	12510
1	759	1273.842289	15846.23177	12500	3036.929018	17619.30663	12510
1	760	967.033153	14082.07924	12500	3036.929018	15846.23177	12510
1	761	534.6656083	11595.96586	12500	4534.758109	14082.07924	12510
1	762	3036.929018	14082.07924	12500	4534.758109	14593.10544	12510
1	763	2013.557567	20099.59462	12500	6535.292983	23096.27035	12510
1	764	1840.456506	19104.26352	12500	6535.292983	20099.59462	12510
1	765	6535.292983	19104.26352	12500	8534.455079	25094.79885	12510
1	766	5049.57103	37108.41741	12500	8549.975783	39361.6788	12510
1	767	923.4222714	38589.1192	12500	3319.438769	39361.6788	12510
1	768	1057.780464	37108.41741	12500	3319.438769	38589.1192	12510
1	769	1581.881881	33080.80579	12500	3319.438769	35575.53605	12510
1	770	8534.455079	19568.77798	12500	11333.03397	21096.49774	12510
1	771	8534.455079	21096.49774	12500	11333.03397	22640.70409	12510
1	772	6535.805501	33096.49774	12500	12534.41012	37108.41741	12510
1	773	6535.805501	27095.86214	12500	12534.41012	33096.49774	12510
1	774	6535.805501	25094.79885	12500	12534.41012	27095.86214	12510
1	775	9736.482247	11591.17855	12500	12534.75811	13149.20117	12510
1	776	8534.758109	11591.17855	12500	9736.482247	13149.20117	12510
1	777	7333.033971	11591.17855	12500	8534.758109	13149.20117	12510
1	778	4534.758109	11596.49774	12500	7333.033971	13149.20117	12510
1	779	3036.929018	17098.85281	12500	8534.455079	19104.26352	12510
1	780	8534.758109	13149.20117	12500	12534.75811	14593.10544	12510
1	781	4534.758109	13149.20117	12500	8534.758109	14593.10544	12510
1	782	8534.455079	22640.70409	12500	12534.75811	25094.79885	12510
1	783	11333.03397	21096.49774	12500	12534.75811	22640.70409	12510
1	784	12534.75811	19568.77798	12500	13736.48225	21096.49774	12510
1	785	11333.03397	19568.77798	12500	12534.75811	21096.49774	12510
1	786	12534.75811	21096.49774	12500	13736.48225	22640.70409	12510
1	787	12534.75811	11591.17855	12500	15333.03397	13149.32084	12510
1	788	12534.75811	13149.20117	12500	16534.75811	14593.10544	12510
1	789	15333.03397	11591.17855	12500	16534.75811	13149.32084	12510
1	790	12534.75811	25094.79885	12500	16538.26998	27095.86214	12510
1	791	12534.41012	27095.86214	12500	16538.26998	33096.49774	12510
1	792	12534.75811	17098.85281	12500	16538.26998	19568.55392	12510
1	793	8534.455079	17098.85281	12500	12534.75811	19568.77798	12510
1	794	13736.48225	19568.77798	12500	16538.26998	21096.49774	12510
1	795	16538.26998	22660.63607	12500	17736.48225	25094.79885	12510
1	796	12534.75811	22640.70409	12500	16538.26998	25094.79885	12510
1	797	16538.26998	17098.85281	12500	17736.48225	19568.55392	12510
1	798	16538.26998	21096.49774	12500	17736.48225	22660.63607	12510
1	799	13736.48225	21096.49774	12500	16538.26998	22660.63607	12510
1	800	17734.75811	30096.49774	12500	19035.6353	31491.36393	12510
1	801	16538.26998	30096.49774	12500	17734.75811	31491.36393	12510
1	802	17734.75811	28569.93672	12500	19035.6353	30096.49774	12510
1	803	16538.26998	28569.93672	12500	17734.75811	30096.49774	12510
1	804	17736.48225	11591.17855	12500	20535.61281	13149.32084	12510
1	805	16534.75811	11591.17855	12500	17736.48225	13149.32084	12510
1	806	16534.75811	13149.32084	12500	20535.61281	14593.10544	12510
1	807	16538.26998	31491.36393	12500	20536.00811	33096.49774	12510
1	808	19035.6353	28569.93672	12500	20546.47176	29417.67791	12510
1	809	16538.26998	27095.86214	12500	20546.47176	28569.93672	12510
1	810	16538.26998	25094.79885	12500	20546.47176	27095.86214	12510
1	811	17736.48225	17098.85281	12500	20546.47176	21096.49774	12510
1	812	16538.26998	19568.55392	12500	17736.48225	21096.49774	12510
1	813	17736.48225	21096.49774	12500	20546.47176	25094.79885	12510
1	814	18011.04016	39556.34036	12500	23534.75811	41600.40128	12510
1	815	16542.88439	39556.34036	12500	18011.04016	41600.40128	12510
1	816	15058.47606	39556.34036	12500	16542.88439	41600.40128	12510
1	817	8549.975783	39556.34036	12500	15058.47606	41600.40128	12510
1	818	534.0792317	39361.6788	12500	4559.360979	41600.40128	12510
1	819	3319.438769	37108.41741	12500	5049.57103	39361.6788	12510
1	820	3319.438769	33080.80579	12500	6535.805501	37108.41741	12510
1	821	1315.293818	35575.53605	12500	3319.438769	37108.41741	12510
1	822	2015.748012	30089.07087	12500	6535.805501	33080.80579	12510
1	823	4559.360979	39361.6788	12500	8549.975783	41600.40128	12510
1	824	16542.88439	37108.41741	12500	23534.75811	39556.34036	12510
1	825	8549.975783	37108.41741	12500	16542.88439	39556.34036	12510
1	826	20536.00811	33096.49774	12500	23534.75811	37107.35794	12510
1	827	12534.41012	33096.49774	12500	20536.00811	37108.41741	12510
1	828	20536.00811	31595.96875	12500	23534.75811	33096.49774	12510
1	829	20535.61281	11591.17855	12500	26534.75811	14646.49774	12510
1	830	20535.61281	14646.49774	12500	26534.75811	17096.49774	12510
1	831	3036.929018	14593.10544	12500	20535.61281	17098.85281	12510
1	832	19035.6353	31246.49774	12500	20536.00811	31491.36393	12510
1	833	19035.6353	29417.67791	12500	20546.47176	31246.49774	12510
1	834	20546.47176	21096.49774	12500	24216.23812	31594.52229	12510
1	835	26534.75811	17096.49774	12500	34833.45669	21089.24871	12510
1	836	20546.47176	17096.49774	12500	26534.75811	21096.49774	12510
1	837	31431.94756	23550.72733	12500	33112.44817	24565.86527	12510
1	838	33112.44817	21089.24871	12500	34833.45669	24565.86527	12510
1	839	27568.11195	21089.24871	12500	29457.079	24565.86527	12510
1	840	24234.75811	21089.24871	12500	27568.11195	24565.86527	12510
1	841	24234.75811	24565.86527	12500	27568.11195	27954.10862	12510
1	842	31431.94756	24565.86527	12500	34833.45669	28064.00333	12510
1	843	34833.45669	21104.90544	12500	39534.75811	31587.46225	12510
1	844	31431.94756	28064.00333	12500	34833.45669	31594.14599	12510
1	845	24216.23812	27954.10862	12500	27568.11195	31595.96875	12510
1	846	29457.079	21089.24871	12500	30934.75811	22246.49774	12510
1	847	30934.75811	21089.24871	12500	31431.94756	24565.86527	12510
1	848	29457.079	23550.72733	12500	30934.75811	24565.86527	12510
1	849	31431.94756	21089.24871	12500	33112.44817	22246.49774	12510
1	850	31431.94756	22246.49774	12500	33112.44817	23550.72733	12510
1	851	29457.079	22246.49774	12500	30934.75811	23550.72733	12510
1	852	35538.55995	31594.14599	12500	39534.75811	37101.59785	12510
1	853	37533.45315	11596.49774	12500	39534.75811	13683.96912	12510
1	854	32533.77127	11592.48171	12500	37533.45315	13683.96912	12510
1	855	32533.77127	13683.96912	12500	39534.75811	17092.7274	12510
1	856	50009.27477	27031.39764	12500	51534.69698	29046.65511	12510
1	857	48531.22734	27031.39764	12500	50009.27477	29046.65511	12510
1	858	41060.24144	27031.39764	12500	42534.75815	29046.65511	12510
1	859	39534.75811	27031.39764	12500	41060.24144	29046.65511	12510
1	860	37036.04016	39556.34036	12500	44009.75811	41600.40128	12510
1	861	35538.55995	39556.34036	12500	37036.04016	41600.40128	12510
1	862	39534.75811	17092.7274	12500	51534.69698	21104.90544	12510
1	863	34833.45669	17092.7274	12500	39534.75811	21104.90544	12510
1	864	47032.11003	25016.34036	12500	51534.69698	27031.39764	12510
1	865	39534.75811	25016.34036	12500	44058.47606	27031.39764	12510
1	866	45538.8694	21104.90544	12500	51534.69698	25016.34036	12510
1	867	39534.75811	21104.90544	12500	45538.8694	25016.34036	12510
1	868	45538.8694	25016.34036	12500	47032.11003	27031.39764	12510
1	869	44058.47606	25016.34036	12500	45538.8694	27031.39764	12510
1	870	44009.75811	37101.59785	12500	51542.88729	39556.34036	12510
1	871	35538.55995	37101.59785	12500	44009.75811	39556.34036	12510
1	872	48034.75811	11596.49774	12500	52033.45315	13683.96912	12510
1	873	41536.00811	11596.49774	12500	48034.75811	13683.96912	12510
1	874	39534.75811	11596.49774	12500	41536.00811	13683.96912	12510
1	875	51534.69698	23096.49774	12500	54033.20174	24265.39294	12510
1	876	39534.75811	33090.08328	12500	54033.20174	37101.59785	12510
1	877	51534.69698	28093.09947	12500	54033.20174	33090.08328	12510
1	878	48531.22734	29046.65511	12500	51534.69698	33090.08328	12510
1	879	42534.75815	29046.65511	12500	48531.22734	33090.08328	12510
1	880	39534.75811	29046.65511	12500	42534.75815	33090.08328	12510
1	881	47032.11003	27031.39764	12500	48531.22734	29046.65511	12510
1	882	42534.75815	27031.39764	12500	47032.11003	29046.65511	12510
1	883	51534.69698	24265.39294	12500	54033.20174	28093.09947	12510
1	884	51534.69698	17092.7274	12500	54042.24019	20531.85462	12510
1	885	51534.69698	20531.85462	12500	54042.24019	23096.49774	12510
1	886	48034.75811	13683.96912	12500	54042.24019	17092.7274	12510
1	887	39534.75811	13683.96912	12500	48034.75811	17092.7274	12510
1	888	52033.45315	11596.49774	12500	54042.24019	13683.96912	12510
1	889	54042.24019	13683.96912	12500	56036.00811	20531.85462	12510
1	890	54042.24019	11596.49774	12500	56036.00811	13683.96912	12510
1	891	54042.24019	20531.85462	12500	56534.70234	23096.49774	12510
1	892	54033.20174	23096.49774	12500	56534.70234	24237.98351	12510
1	893	54033.20174	24265.39294	12500	56534.70234	33089.6111	12510
1	894	54033.20174	33090.08328	12500	56534.70234	37101.59785	12510
1	895	53011.04016	39556.34036	12500	57295.81288	41600.40128	12510
1	896	51542.88729	39556.34036	12500	53011.04016	41600.40128	12510
1	897	44009.75811	39556.34036	12500	50058.47606	41600.40128	12510
1	898	50058.47606	39556.34036	12500	51542.88729	41600.40128	12510
1	899	51542.88729	37101.59785	12500	57295.81288	39556.34036	12510
1	900	56534.70234	33089.6111	12500	60525.81823	37101.59785	12510
1	901	57295.81288	37101.59785	12500	60525.81823	41600.40128	12510
1	902	59294.79784	31620.27338	12500	60525.81823	33089.6111	12510
1	903	56534.70234	30083.87487	12500	59294.79784	33089.6111	12510
1	904	59294.79784	30083.87487	12500	60525.81823	31620.27338	12510
1	905	56534.70234	20531.85462	12500	60534.75811	23096.49774	12510
1	906	56036.00811	11596.49774	12500	60534.75811	20531.85462	12510
1	907	1582.203135	17619.30663	15000	3036.929018	19104.26352	15010
1	908	1273.842289	15846.23177	15000	3036.929018	17619.30663	15010
1	909	967.033153	14082.07924	15000	3036.929018	15846.23177	15010
1	910	534.6656083	11595.96586	15000	4534.758109	14082.07924	15010
1	911	3036.929018	14082.07924	15000	4534.758109	14593.10544	15010
1	912	2013.557567	20099.59462	15000	6535.292983	23096.27035	15010
1	913	1840.456506	19104.26352	15000	6535.292983	20099.59462	15010
1	914	6535.292983	19104.26352	15000	8534.455079	25094.79885	15010
1	915	5049.57103	37108.41741	15000	8549.975783	39361.6788	15010
1	916	923.4222714	38589.1192	15000	3319.438769	39361.6788	15010
1	917	1057.780464	37108.41741	15000	3319.438769	38589.1192	15010
1	918	1581.881881	33080.80579	15000	3319.438769	35575.53605	15010
1	919	8534.455079	19568.77798	15000	11333.03397	21096.49774	15010
1	920	8534.455079	21096.49774	15000	11333.03397	22640.70409	15010
1	921	6535.805501	33096.49774	15000	12534.41012	37108.41741	15010
1	922	6535.805501	27095.86214	15000	12534.41012	33096.49774	15010
1	923	6535.805501	25094.79885	15000	12534.41012	27095.86214	15010
1	924	9736.482247	11591.17855	15000	12534.75811	13149.20117	15010
1	925	8534.758109	11591.17855	15000	9736.482247	13149.20117	15010
1	926	7333.033971	11591.17855	15000	8534.758109	13149.20117	15010
1	927	4534.758109	11596.49774	15000	7333.033971	13149.20117	15010
1	928	3036.929018	17098.85281	15000	8534.455079	19104.26352	15010
1	929	8534.758109	13149.20117	15000	12534.75811	14593.10544	15010
1	930	4534.758109	13149.20117	15000	8534.758109	14593.10544	15010
1	931	8534.455079	22640.70409	15000	12534.75811	25094.79885	15010
1	932	11333.03397	21096.49774	15000	12534.75811	22640.70409	15010
1	933	12534.75811	19568.77798	15000	13736.48225	21096.49774	15010
1	934	11333.03397	19568.77798	15000	12534.75811	21096.49774	15010
1	935	12534.75811	21096.49774	15000	13736.48225	22640.70409	15010
1	936	12534.75811	11591.17855	15000	15333.03397	13149.32084	15010
1	937	12534.75811	13149.20117	15000	16534.75811	14593.10544	15010
1	938	15333.03397	11591.17855	15000	16534.75811	13149.32084	15010
1	939	12534.75811	25094.79885	15000	16538.26998	27095.86214	15010
1	940	12534.41012	27095.86214	15000	16538.26998	33096.49774	15010
1	941	12534.75811	17098.85281	15000	16538.26998	19568.55392	15010
1	942	8534.455079	17098.85281	15000	12534.75811	19568.77798	15010
1	943	13736.48225	19568.77798	15000	16538.26998	21096.49774	15010
1	944	16538.26998	22660.63607	15000	17736.48225	25094.79885	15010
1	945	12534.75811	22640.70409	15000	16538.26998	25094.79885	15010
1	946	16538.26998	17098.85281	15000	17736.48225	19568.55392	15010
1	947	16538.26998	21096.49774	15000	17736.48225	22660.63607	15010
1	948	13736.48225	21096.49774	15000	16538.26998	22660.63607	15010
1	949	17734.75811	30096.49774	15000	19035.6353	31491.36393	15010
1	950	16538.26998	30096.49774	15000	17734.75811	31491.36393	15010
1	951	17734.75811	28569.93672	15000	19035.6353	30096.49774	15010
1	952	16538.26998	28569.93672	15000	17734.75811	30096.49774	15010
1	953	17736.48225	11591.17855	15000	20535.61281	13149.32084	15010
1	954	16534.75811	11591.17855	15000	17736.48225	13149.32084	15010
1	955	16534.75811	13149.32084	15000	20535.61281	14593.10544	15010
1	956	16538.26998	31491.36393	15000	20536.00811	33096.49774	15010
1	957	19035.6353	28569.93672	15000	20546.47176	29417.67791	15010
1	958	16538.26998	27095.86214	15000	20546.47176	28569.93672	15010
1	959	16538.26998	25094.79885	15000	20546.47176	27095.86214	15010
1	960	17736.48225	17098.85281	15000	20546.47176	21096.49774	15010
1	961	16538.26998	19568.55392	15000	17736.48225	21096.49774	15010
1	962	17736.48225	21096.49774	15000	20546.47176	25094.79885	15010
1	963	18011.04016	39556.34036	15000	23534.75811	41600.40128	15010
1	964	16542.88439	39556.34036	15000	18011.04016	41600.40128	15010
1	965	15058.47606	39556.34036	15000	16542.88439	41600.40128	15010
1	966	8549.975783	39556.34036	15000	15058.47606	41600.40128	15010
1	967	534.0792317	39361.6788	15000	4559.360979	41600.40128	15010
1	968	3319.438769	37108.41741	15000	5049.57103	39361.6788	15010
1	969	3319.438769	33080.80579	15000	6535.805501	37108.41741	15010
1	970	1315.293818	35575.53605	15000	3319.438769	37108.41741	15010
1	971	2015.748012	30089.07087	15000	6535.805501	33080.80579	15010
1	972	4559.360979	39361.6788	15000	8549.975783	41600.40128	15010
1	973	16542.88439	37108.41741	15000	23534.75811	39556.34036	15010
1	974	8549.975783	37108.41741	15000	16542.88439	39556.34036	15010
1	975	20536.00811	33096.49774	15000	23534.75811	37107.35794	15010
1	976	12534.41012	33096.49774	15000	20536.00811	37108.41741	15010
1	977	20536.00811	31595.96875	15000	23534.75811	33096.49774	15010
1	978	20535.61281	11591.17855	15000	26534.75811	14646.49774	15010
1	979	20535.61281	14646.49774	15000	26534.75811	17096.49774	15010
1	980	3036.929018	14593.10544	15000	20535.61281	17098.85281	15010
1	981	19035.6353	31246.49774	15000	20536.00811	31491.36393	15010
1	982	19035.6353	29417.67791	15000	20546.47176	31246.49774	15010
1	983	20546.47176	21096.49774	15000	24216.23812	31594.52229	15010
1	984	26534.75811	17096.49774	15000	34833.45669	21089.24871	15010
1	985	20546.47176	17096.49774	15000	26534.75811	21096.49774	15010
1	986	31431.94756	23550.72733	15000	33112.44817	24565.86527	15010
1	987	33112.44817	21089.24871	15000	34833.45669	24565.86527	15010
1	988	27568.11195	21089.24871	15000	29457.079	24565.86527	15010
1	989	24234.75811	21089.24871	15000	27568.11195	24565.86527	15010
1	990	24234.75811	24565.86527	15000	27568.11195	27954.10862	15010
1	991	31431.94756	24565.86527	15000	34833.45669	28064.00333	15010
1	992	34833.45669	21104.90544	15000	39534.75811	31587.46225	15010
1	993	31431.94756	28064.00333	15000	34833.45669	31594.14599	15010
1	994	24216.23812	27954.10862	15000	27568.11195	31595.96875	15010
1	995	29457.079	21089.24871	15000	30934.75811	22246.49774	15010
1	996	30934.75811	21089.24871	15000	31431.94756	24565.86527	15010
1	997	29457.079	23550.72733	15000	30934.75811	24565.86527	15010
1	998	31431.94756	21089.24871	15000	33112.44817	22246.49774	15010
1	999	31431.94756	22246.49774	15000	33112.44817	23550.72733	15010
1	1000	29457.079	22246.49774	15000	30934.75811	23550.72733	15010
1	1001	35538.55995	31594.14599	15000	39534.75811	37101.59785	15010
1	1002	37533.45315	11596.49774	15000	39534.75811	13683.96912	15010
1	1003	32533.77127	11592.48171	15000	37533.45315	13683.96912	15010
1	1004	32533.77127	13683.96912	15000	39534.75811	17092.7274	15010
1	1005	50009.27477	27031.39764	15000	51534.69698	29046.65511	15010
1	1006	48531.22734	27031.39764	15000	50009.27477	29046.65511	15010
1	1007	41060.24144	27031.39764	15000	42534.75815	29046.65511	15010
1	1008	39534.75811	27031.39764	15000	41060.24144	29046.65511	15010
1	1009	37036.04016	39556.34036	15000	44009.75811	41600.40128	15010
1	1010	35538.55995	39556.34036	15000	37036.04016	41600.40128	15010
1	1011	39534.75811	17092.7274	15000	51534.69698	21104.90544	15010
1	1012	34833.45669	17092.7274	15000	39534.75811	21104.90544	15010
1	1013	47032.11003	25016.34036	15000	51534.69698	27031.39764	15010
1	1014	39534.75811	25016.34036	15000	44058.47606	27031.39764	15010
1	1015	45538.8694	21104.90544	15000	51534.69698	25016.34036	15010
1	1016	39534.75811	21104.90544	15000	45538.8694	25016.34036	15010
1	1017	45538.8694	25016.34036	15000	47032.11003	27031.39764	15010
1	1018	44058.47606	25016.34036	15000	45538.8694	27031.39764	15010
1	1019	44009.75811	37101.59785	15000	51542.88729	39556.34036	15010
1	1020	35538.55995	37101.59785	15000	44009.75811	39556.34036	15010
1	1021	48034.75811	11596.49774	15000	52033.45315	13683.96912	15010
1	1022	41536.00811	11596.49774	15000	48034.75811	13683.96912	15010
1	1023	39534.75811	11596.49774	15000	41536.00811	13683.96912	15010
1	1024	51534.69698	23096.49774	15000	54033.20174	24265.39294	15010
1	1025	39534.75811	33090.08328	15000	54033.20174	37101.59785	15010
1	1026	51534.69698	28093.09947	15000	54033.20174	33090.08328	15010
1	1027	48531.22734	29046.65511	15000	51534.69698	33090.08328	15010
1	1028	42534.75815	29046.65511	15000	48531.22734	33090.08328	15010
1	1029	39534.75811	29046.65511	15000	42534.75815	33090.08328	15010
1	1030	47032.11003	27031.39764	15000	48531.22734	29046.65511	15010
1	1031	42534.75815	27031.39764	15000	47032.11003	29046.65511	15010
1	1032	51534.69698	24265.39294	15000	54033.20174	28093.09947	15010
1	1033	51534.69698	17092.7274	15000	54042.24019	20531.85462	15010
1	1034	51534.69698	20531.85462	15000	54042.24019	23096.49774	15010
1	1035	48034.75811	13683.96912	15000	54042.24019	17092.7274	15010
1	1036	39534.75811	13683.96912	15000	48034.75811	17092.7274	15010
1	1037	52033.45315	11596.49774	15000	54042.24019	13683.96912	15010
1	1038	54042.24019	13683.96912	15000	56036.00811	20531.85462	15010
1	1039	54042.24019	11596.49774	15000	56036.00811	13683.96912	15010
1	1040	54042.24019	20531.85462	15000	56534.70234	23096.49774	15010
1	1041	54033.20174	23096.49774	15000	56534.70234	24237.98351	15010
1	1042	54033.20174	24265.39294	15000	56534.70234	33089.6111	15010
1	1043	54033.20174	33090.08328	15000	56534.70234	37101.59785	15010
1	1044	53011.04016	39556.34036	15000	57295.81288	41600.40128	15010
1	1045	51542.88729	39556.34036	15000	53011.04016	41600.40128	15010
1	1046	44009.75811	39556.34036	15000	50058.47606	41600.40128	15010
1	1047	50058.47606	39556.34036	15000	51542.88729	41600.40128	15010
1	1048	51542.88729	37101.59785	15000	57295.81288	39556.34036	15010
1	1049	56534.70234	33089.6111	15000	60525.81823	37101.59785	15010
1	1050	57295.81288	37101.59785	15000	60525.81823	41600.40128	15010
1	1051	59294.79784	31620.27338	15000	60525.81823	33089.6111	15010
1	1052	56534.70234	30083.87487	15000	59294.79784	33089.6111	15010
1	1053	59294.79784	30083.87487	15000	60525.81823	31620.27338	15010
1	1054	56534.70234	20531.85462	15000	60534.75811	23096.49774	15010
1	1055	56036.00811	11596.49774	15000	60534.75811	20531.85462	15010
1	1056	1582.203135	17619.30663	17500	3036.929018	19104.26352	17510
1	1057	1273.842289	15846.23177	17500	3036.929018	17619.30663	17510
1	1058	967.033153	14082.07924	17500	3036.929018	15846.23177	17510
1	1059	534.6656083	11595.96586	17500	4534.758109	14082.07924	17510
1	1060	3036.929018	14082.07924	17500	4534.758109	14593.10544	17510
1	1061	2013.557567	20099.59462	17500	6535.292983	23096.27035	17510
1	1062	1840.456506	19104.26352	17500	6535.292983	20099.59462	17510
1	1063	6535.292983	19104.26352	17500	8534.455079	25094.79885	17510
1	1064	5049.57103	37108.41741	17500	8549.975783	39361.6788	17510
1	1065	923.4222714	38589.1192	17500	3319.438769	39361.6788	17510
1	1066	1057.780464	37108.41741	17500	3319.438769	38589.1192	17510
1	1067	1581.881881	33080.80579	17500	3319.438769	35575.53605	17510
1	1068	8534.455079	19568.77798	17500	11333.03397	21096.49774	17510
1	1069	8534.455079	21096.49774	17500	11333.03397	22640.70409	17510
1	1070	6535.805501	33096.49774	17500	12534.41012	37108.41741	17510
1	1071	6535.805501	27095.86214	17500	12534.41012	33096.49774	17510
1	1072	6535.805501	25094.79885	17500	12534.41012	27095.86214	17510
1	1073	9736.482247	11591.17855	17500	12534.75811	13149.20117	17510
1	1074	8534.758109	11591.17855	17500	9736.482247	13149.20117	17510
1	1075	7333.033971	11591.17855	17500	8534.758109	13149.20117	17510
1	1076	4534.758109	11596.49774	17500	7333.033971	13149.20117	17510
1	1077	3036.929018	17098.85281	17500	8534.455079	19104.26352	17510
1	1078	8534.758109	13149.20117	17500	12534.75811	14593.10544	17510
1	1079	4534.758109	13149.20117	17500	8534.758109	14593.10544	17510
1	1080	8534.455079	22640.70409	17500	12534.75811	25094.79885	17510
1	1081	11333.03397	21096.49774	17500	12534.75811	22640.70409	17510
1	1082	12534.75811	19568.77798	17500	13736.48225	21096.49774	17510
1	1083	11333.03397	19568.77798	17500	12534.75811	21096.49774	17510
1	1084	12534.75811	21096.49774	17500	13736.48225	22640.70409	17510
1	1085	12534.75811	11591.17855	17500	15333.03397	13149.32084	17510
1	1086	12534.75811	13149.20117	17500	16534.75811	14593.10544	17510
1	1087	15333.03397	11591.17855	17500	16534.75811	13149.32084	17510
1	1088	12534.75811	25094.79885	17500	16538.26998	27095.86214	17510
1	1089	12534.41012	27095.86214	17500	16538.26998	33096.49774	17510
1	1090	12534.75811	17098.85281	17500	16538.26998	19568.55392	17510
1	1091	8534.455079	17098.85281	17500	12534.75811	19568.77798	17510
1	1092	13736.48225	19568.77798	17500	16538.26998	21096.49774	17510
1	1093	16538.26998	22660.63607	17500	17736.48225	25094.79885	17510
1	1094	12534.75811	22640.70409	17500	16538.26998	25094.79885	17510
1	1095	16538.26998	17098.85281	17500	17736.48225	19568.55392	17510
1	1096	16538.26998	21096.49774	17500	17736.48225	22660.63607	17510
1	1097	13736.48225	21096.49774	17500	16538.26998	22660.63607	17510
1	1098	17734.75811	30096.49774	17500	19035.6353	31491.36393	17510
1	1099	16538.26998	30096.49774	17500	17734.75811	31491.36393	17510
1	1100	17734.75811	28569.93672	17500	19035.6353	30096.49774	17510
1	1101	16538.26998	28569.93672	17500	17734.75811	30096.49774	17510
1	1102	17736.48225	11591.17855	17500	20535.61281	13149.32084	17510
1	1103	16534.75811	11591.17855	17500	17736.48225	13149.32084	17510
1	1104	16534.75811	13149.32084	17500	20535.61281	14593.10544	17510
1	1105	16538.26998	31491.36393	17500	20536.00811	33096.49774	17510
1	1106	19035.6353	28569.93672	17500	20546.47176	29417.67791	17510
1	1107	16538.26998	27095.86214	17500	20546.47176	28569.93672	17510
1	1108	16538.26998	25094.79885	17500	20546.47176	27095.86214	17510
1	1109	17736.48225	17098.85281	17500	20546.47176	21096.49774	17510
1	1110	16538.26998	19568.55392	17500	17736.48225	21096.49774	17510
1	1111	17736.48225	21096.49774	17500	20546.47176	25094.79885	17510
1	1112	18011.04016	39556.34036	17500	23534.75811	41600.40128	17510
1	1113	16542.88439	39556.34036	17500	18011.04016	41600.40128	17510
1	1114	15058.47606	39556.34036	17500	16542.88439	41600.40128	17510
1	1115	8549.975783	39556.34036	17500	15058.47606	41600.40128	17510
1	1116	534.0792317	39361.6788	17500	4559.360979	41600.40128	17510
1	1117	3319.438769	37108.41741	17500	5049.57103	39361.6788	17510
1	1118	3319.438769	33080.80579	17500	6535.805501	37108.41741	17510
1	1119	1315.293818	35575.53605	17500	3319.438769	37108.41741	17510
1	1120	2015.748012	30089.07087	17500	6535.805501	33080.80579	17510
1	1121	4559.360979	39361.6788	17500	8549.975783	41600.40128	17510
1	1122	16542.88439	37108.41741	17500	23534.75811	39556.34036	17510
1	1123	8549.975783	37108.41741	17500	16542.88439	39556.34036	17510
1	1124	20536.00811	33096.49774	17500	23534.75811	37107.35794	17510
1	1125	12534.41012	33096.49774	17500	20536.00811	37108.41741	17510
1	1126	20536.00811	31595.96875	17500	23534.75811	33096.49774	17510
1	1127	20535.61281	11591.17855	17500	26534.75811	14646.49774	17510
1	1128	20535.61281	14646.49774	17500	26534.75811	17096.49774	17510
1	1129	3036.929018	14593.10544	17500	20535.61281	17098.85281	17510
1	1130	19035.6353	31246.49774	17500	20536.00811	31491.36393	17510
1	1131	19035.6353	29417.67791	17500	20546.47176	31246.49774	17510
1	1132	20546.47176	21096.49774	17500	24216.23812	31594.52229	17510
1	1133	26534.75811	17096.49774	17500	34833.45669	21089.24871	17510
1	1134	20546.47176	17096.49774	17500	26534.75811	21096.49774	17510
1	1135	31431.94756	23550.72733	17500	33112.44817	24565.86527	17510
1	1136	33112.44817	21089.24871	17500	34833.45669	24565.86527	17510
1	1137	27568.11195	21089.24871	17500	29457.079	24565.86527	17510
1	1138	24234.75811	21089.24871	17500	27568.11195	24565.86527	17510
1	1139	24234.75811	24565.86527	17500	27568.11195	27954.10862	17510
1	1140	31431.94756	24565.86527	17500	34833.45669	28064.00333	17510
1	1141	34833.45669	21104.90544	17500	39534.75811	31587.46225	17510
1	1142	31431.94756	28064.00333	17500	34833.45669	31594.14599	17510
1	1143	24216.23812	27954.10862	17500	27568.11195	31595.96875	17510
1	1144	29457.079	21089.24871	17500	30934.75811	22246.49774	17510
1	1145	30934.75811	21089.24871	17500	31431.94756	24565.86527	17510
1	1146	29457.079	23550.72733	17500	30934.75811	24565.86527	17510
1	1147	31431.94756	21089.24871	17500	33112.44817	22246.49774	17510
1	1148	31431.94756	22246.49774	17500	33112.44817	23550.72733	17510
1	1149	29457.079	22246.49774	17500	30934.75811	23550.72733	17510
1	1150	35538.55995	31594.14599	17500	39534.75811	37101.59785	17510
1	1151	37533.45315	11596.49774	17500	39534.75811	13683.96912	17510
1	1152	32533.77127	11592.48171	17500	37533.45315	13683.96912	17510
1	1153	32533.77127	13683.96912	17500	39534.75811	17092.7274	17510
1	1154	50009.27477	27031.39764	17500	51534.69698	29046.65511	17510
1	1155	48531.22734	27031.39764	17500	50009.27477	29046.65511	17510
1	1156	41060.24144	27031.39764	17500	42534.75815	29046.65511	17510
1	1157	39534.75811	27031.39764	17500	41060.24144	29046.65511	17510
1	1158	37036.04016	39556.34036	17500	44009.75811	41600.40128	17510
1	1159	35538.55995	39556.34036	17500	37036.04016	41600.40128	17510
1	1160	39534.75811	17092.7274	17500	51534.69698	21104.90544	17510
1	1161	34833.45669	17092.7274	17500	39534.75811	21104.90544	17510
1	1162	47032.11003	25016.34036	17500	51534.69698	27031.39764	17510
1	1163	39534.75811	25016.34036	17500	44058.47606	27031.39764	17510
1	1164	45538.8694	21104.90544	17500	51534.69698	25016.34036	17510
1	1165	39534.75811	21104.90544	17500	45538.8694	25016.34036	17510
1	1166	45538.8694	25016.34036	17500	47032.11003	27031.39764	17510
1	1167	44058.47606	25016.34036	17500	45538.8694	27031.39764	17510
1	1168	44009.75811	37101.59785	17500	51542.88729	39556.34036	17510
1	1169	35538.55995	37101.59785	17500	44009.75811	39556.34036	17510
1	1170	48034.75811	11596.49774	17500	52033.45315	13683.96912	17510
1	1171	41536.00811	11596.49774	17500	48034.75811	13683.96912	17510
1	1172	39534.75811	11596.49774	17500	41536.00811	13683.96912	17510
1	1173	51534.69698	23096.49774	17500	54033.20174	24265.39294	17510
1	1174	39534.75811	33090.08328	17500	54033.20174	37101.59785	17510
1	1175	51534.69698	28093.09947	17500	54033.20174	33090.08328	17510
1	1176	48531.22734	29046.65511	17500	51534.69698	33090.08328	17510
1	1177	42534.75815	29046.65511	17500	48531.22734	33090.08328	17510
1	1178	39534.75811	29046.65511	17500	42534.75815	33090.08328	17510
1	1179	47032.11003	27031.39764	17500	48531.22734	29046.65511	17510
1	1180	42534.75815	27031.39764	17500	47032.11003	29046.65511	17510
1	1181	51534.69698	24265.39294	17500	54033.20174	28093.09947	17510
1	1182	51534.69698	17092.7274	17500	54042.24019	20531.85462	17510
1	1183	51534.69698	20531.85462	17500	54042.24019	23096.49774	17510
1	1184	48034.75811	13683.96912	17500	54042.24019	17092.7274	17510
1	1185	39534.75811	13683.96912	17500	48034.75811	17092.7274	17510
1	1186	52033.45315	11596.49774	17500	54042.24019	13683.96912	17510
1	1187	54042.24019	13683.96912	17500	56036.00811	20531.85462	17510
1	1188	54042.24019	11596.49774	17500	56036.00811	13683.96912	17510
1	1189	54042.24019	20531.85462	17500	56534.70234	23096.49774	17510
1	1190	54033.20174	23096.49774	17500	56534.70234	24237.98351	17510
1	1191	54033.20174	24265.39294	17500	56534.70234	33089.6111	17510
1	1192	54033.20174	33090.08328	17500	56534.70234	37101.59785	17510
1	1193	53011.04016	39556.34036	17500	57295.81288	41600.40128	17510
1	1194	51542.88729	39556.34036	17500	53011.04016	41600.40128	17510
1	1195	44009.75811	39556.34036	17500	50058.47606	41600.40128	17510
1	1196	50058.47606	39556.34036	17500	51542.88729	41600.40128	17510
1	1197	51542.88729	37101.59785	17500	57295.81288	39556.34036	17510
1	1198	56534.70234	33089.6111	17500	60525.81823	37101.59785	17510
1	1199	57295.81288	37101.59785	17500	60525.81823	41600.40128	17510
1	1200	59294.79784	31620.27338	17500	60525.81823	33089.6111	17510
1	1201	56534.70234	30083.87487	17500	59294.79784	33089.6111	17510
1	1202	59294.79784	30083.87487	17500	60525.81823	31620.27338	17510
1	1203	56534.70234	20531.85462	17500	60534.75811	23096.49774	17510
1	1204	56036.00811	11596.49774	17500	60534.75811	20531.85462	17510