0	1	28937.68146	14306.01927	29767.55951	14736.17031	1
1	1	28922.43755	14736.19517	29362.92536	14941.04836	1
2	1	29362.92536	14736.17031	29767.55951	14941.04836	1
3	1	28517.93146	14736.19517	28922.43755	14941.04836	1
4	1	27887.82941	14736.19517	28087.51373	14945.98518	1
5	1	28087.51373	14736.17031	28517.83408	14945.98518	1
6	0	27677.56528	14736.19517	27887.82941	14946.13926	1
7	0	29767.55951	14946.17031	29977.99661	15156.17031	1
8	0	28307.81889	14945.98518	28517.83408	15156.17031	1
9	0	28087.51373	14945.98518	28307.81889	15156.17031	1
10	0	30407.80341	14946.17031	30617.80341	15156.43297	1
11	1	29362.92536	14941.04836	29762.43755	15263.04091	1
12	0	28307.81889	15156.17031	28517.83408	15349.55387	1
13	0	29767.55951	15156.17031	29977.99661	15366.17031	1
14	1	28522.95249	14941.04836	28839.38724	15452.02397	1
15	0	28307.81889	15349.55387	28517.83408	15576.11005	1
16	0	28087.51373	15156.17031	28307.81889	15576.11005	1
17	0	29767.55951	15366.17031	29977.99661	15576.17031	1
18	0	30407.80341	15156.43297	30617.80341	15576.43297	1
19	0	27463.49048	15496.45832	27677.56528	15646.40713	1
20	0	27412.20641	15563.36543	27463.49048	15646.40713	1
21	0	27360.9869	15563.36543	27412.20641	15646.40713	1
22	0	28922.43755	14941.04836	29362.92536	15702.00065	1
23	0	27412.20641	15646.40713	27463.49048	15727.31127	1
24	0	27360.9869	15646.40713	27412.20641	15727.31127	1
25	0	27312.32836	15646.40713	27360.9869	15727.31127	1
26	0	28087.51373	15576.11005	28307.81889	15736.29226	1
27	1	29446.00281	15263.04091	29767.55951	15768.18067	1
28	3	29223.47676	15703.51086	29362.92536	15770.64675	1
29	0	29061.91329	15703.51086	29223.47676	15770.64675	1
30	3	28922.43755	15703.51086	29061.91329	15770.64675	1
31	0	27312.32836	15727.31127	27463.49048	15795.47344	1
32	0	27463.49048	15646.40713	27581.62322	15795.47344	1
33	0	27581.62322	15646.40713	27677.56528	15795.47344	1
34	0	29767.55951	15576.17031	29977.99661	15796.41421	1
35	1	27677.56528	14946.13926	28087.51373	15796.47447	1
36	3	28255.42536	15736.29226	28307.81889	15796.47447	1
37	3	28205.42536	15736.29226	28255.42536	15796.47447	1
38	3	28155.42536	15736.29226	28205.42536	15796.47447	1
39	3	28087.51373	15736.29226	28155.42536	15796.47447	1
40	0	28307.81889	15576.11005	28517.83408	15796.47447	1
41	3	27347.43755	15795.47344	27463.49048	15891.17031	1
42	3	27347.43755	15891.17031	27464.69464	15985.81	1
43	1	28087.43146	15796.47447	28517.54354	15985.9264	1
44	1	27677.56528	15796.47447	28087.43146	15985.9264	1
45	1	27463.49048	15795.47344	27677.56528	15985.9264	1
46	1	28517.54354	15770.64675	28922.43755	15996.17031	1
47	0	28727.80341	14306.01927	28937.68146	14526.17031	1
48	0	28727.80341	14526.17031	28937.68146	14736.19517	1
49	0	28517.93146	14305.9264	28727.80341	14736.19517	1
50	0	28097.93146	14305.9264	28517.93146	14736.19517	1
51	0	27258.0044	14946.13926	27677.56528	15156.42016	1
52	0	27258.0044	15156.42016	27677.56528	15496.45832	1
53	0	27312.32836	15563.36543	27360.9869	15646.40713	1
54	0	27258.0044	15795.47344	27347.43755	15985.81	1
55	1	28922.43755	15770.64675	29362.92536	15996.17031	1
56	1	29362.92536	15770.64675	29767.55951	15996.17031	1
57	0	30407.80341	15576.43297	30617.80341	15996.17031	1
58	0	29977.99661	14946.17031	30407.80341	15996.17031	1
59	0	29767.55951	15796.41421	29977.99661	15996.17031	1
60	1	29767.55951	15996.17031	30617.80341	16216.23639	1
61	1	30617.80341	15996.17031	30827.80341	16216.23639	1
62	0	30407.11473	16216.23639	30617.80341	16358.54836	1
63	1	29362.92536	15996.17031	29767.55951	16405.38913	1
64	1	28922.43755	15996.17031	29362.92536	16405.38913	1
65	1	28517.54354	15996.17031	28922.43755	16405.38913	1
66	2	27258.0044	15985.9264	27667.43146	16405.38913	1
67	0	28307.80341	15985.9264	28517.54354	16405.38913	1
68	0	28087.43146	15985.9264	28307.80341	16405.38913	1
69	0	27887.80341	15985.9264	28087.43146	16405.38913	1
70	0	27667.43146	15985.9264	27887.80341	16405.38913	1
71	3	30565.42536	16358.54836	30617.80341	16417.0902	1
72	3	30515.42536	16358.54836	30565.42536	16417.0902	1
73	3	30465.42536	16358.54836	30515.42536	16417.0902	1
74	3	30407.11473	16358.54836	30465.42536	16417.0902	1
75	0	30187.55951	16216.23639	30407.11473	16417.0902	1
76	0	29767.29469	16216.23639	30187.55951	16417.0902	1
77	1	30617.80341	16216.23639	30827.80341	16418.3106	1
78	0	28517.54354	16405.38913	28937.80592	16536.94953	1
79	0	28517.54354	16536.94953	28937.80592	16636.13726	1
80	1	28937.80592	16405.38913	29768.81425	16636.25207	1
81	1	29767.39937	16417.0902	30187.55951	16636.25207	1
82	1	30187.51615	16417.0902	30407.11473	16636.25207	1
83	1	30407.11473	16417.0902	30607.55951	16636.41421	1
84	1	30607.55951	16417.0902	30827.80341	16636.41421	1
85	0	27483.60568	16405.38913	27958.96668	16651.22172	1
86	0	26827.5	16405.38913	27483.60568	16651.22172	1
87	0	26827.5	16651.22172	27483.60568	16723.61172	1
88	2	27483.60568	16651.22172	27958.96668	16723.61172	1
89	0	28993.61128	16636.25207	29359.80896	16755.97305	1
90	1	30407.80341	16636.41421	30607.55951	16836.17031	1
91	0	28993.61128	16755.97305	29357.70954	16846.12287	1
92	0	27483.60568	16723.61172	27958.96668	16935.75214	1
93	0	26827.5	16723.61172	27483.60568	16935.75214	1
94	2	28839.38724	14941.04836	28922.43755	15452.02397	1
95	0	27312.32836	15496.45832	27463.49048	15563.36543	1
96	1	28522.95249	15452.02397	28922.43755	15768.18067	1
97	0	29357.70954	16755.97305	29518.26364	16984.70689	1
98	0	26827.5	16935.75214	27483.60568	17008.14214	1
99	2	27483.60568	16935.75214	27958.96668	17008.14214	1
100	3	29468.18255	16984.70689	29518.26364	17045.67566	1
101	3	29416.56012	16984.70689	29468.18255	17045.67566	1
102	3	29357.70953	16984.70689	29416.56012	17045.67566	1
103	0	29518.26364	16636.25207	29801.06893	17045.67566	1
104	1	29801.06893	16636.25207	30187.51615	17106.17713	1
105	0	28993.61128	16846.12287	29226.5664	17255.77393	1
106	0	29226.5664	16846.12287	29357.70954	17255.77393	1
107	2	29357.70954	17045.67566	29801.06893	17255.77393	1
108	0	28517.54354	16636.25207	28993.61128	17255.77393	1
109	0	27958.96668	16405.38913	28517.54354	17255.77393	1
110	0	27483.60568	17008.14214	27958.96668	17255.77393	1
111	0	26827.5	17008.14214	27483.60568	17255.77393	1
112	0	29767.55951	14306.13559	29987.86664	14526.17031	1
113	0	29767.55951	14526.17031	29987.86664	14736.17031	1
114	0	29987.86664	14306.13559	30197.80341	14736.17031	1
115	0	30197.80341	14306.13559	30407.80341	14736.17031	1
116	0	30407.80341	14306.13559	30617.80341	14736.17031	1
117	0	30617.80341	14306.13559	31037.80341	14736.17031	1
118	0	27887.82941	14305.9264	28097.93146	14736.19517	1
119	0	27677.56528	14305.9264	27887.82941	14736.19517	1
120	0	26827.5603	14305.9264	27677.56528	14946.13926	1
121	1	29767.55951	14736.17031	30617.80341	14946.17031	1
122	1	30617.80341	14736.17031	30827.80341	14946.17031	1
123	0	30827.80341	14736.17031	31037.80341	15156.17031	1
124	0	30827.80341	15156.17031	31037.80341	15576.17031	1
125	2	29362.92536	15263.04091	29446.00281	15770.64675	1
126	1	30617.80341	14946.17031	30827.80341	15996.17031	1
127	0	30827.80341	15576.17031	31037.80341	15996.17031	1
128	0	30827.80341	15996.17031	31037.80341	16416.17031	1
129	0	30827.80341	16416.17031	31037.80341	16836.17031	1
130	0	30607.55951	16636.41421	30827.80341	16836.17031	1
131	0	30187.51615	16636.41421	30407.80341	16836.17031	1
132	0	30187.51615	16836.17031	31037.80341	17256.20098	1
133	1	28937.68146	14306.01927	29767.55951	14736.17031	2
134	1	28922.43755	14736.19517	29362.92536	14941.04836	2
135	1	29362.92536	14736.17031	29767.55951	14941.04836	2
136	1	28517.93146	14736.19517	28922.43755	14941.04836	2
137	1	27887.82941	14736.19517	28087.51373	14945.98518	2
138	1	28087.51373	14736.17031	28517.83408	14945.98518	2
139	0	27677.56528	14736.19517	27887.82941	14946.13926	2
140	0	29767.55951	14946.17031	29977.99661	15156.17031	2
141	0	28307.81889	14945.98518	28517.83408	15156.17031	2
142	0	28087.51373	14945.98518	28307.81889	15156.17031	2
143	0	30407.80341	14946.17031	30617.80341	15156.43297	2
144	1	29362.92536	14941.04836	29762.43755	15263.04091	2
145	0	28307.81889	15156.17031	28517.83408	15349.55387	2
146	0	29767.55951	15156.17031	29977.99661	15366.17031	2
147	1	28522.95249	14941.04836	28839.38724	15452.02397	2
148	0	28307.81889	15349.55387	28517.83408	15576.11005	2
149	0	28087.51373	15156.17031	28307.81889	15576.11005	2
150	0	29767.55951	15366.17031	29977.99661	15576.17031	2
151	0	30407.80341	15156.43297	30617.80341	15576.43297	2
152	0	27463.49048	15496.45832	27677.56528	15646.40713	2
153	0	27412.20641	15563.36543	27463.49048	15646.40713	2
154	0	27360.9869	15563.36543	27412.20641	15646.40713	2
155	0	28922.43755	14941.04836	29362.92536	15702.00065	2
156	0	27412.20641	15646.40713	27463.49048	15727.31127	2
157	0	27360.9869	15646.40713	27412.20641	15727.31127	2
158	0	27312.32836	15646.40713	27360.9869	15727.31127	2
159	0	28087.51373	15576.11005	28307.81889	15736.29226	2
160	1	29446.00281	15263.04091	29767.55951	15768.18067	2
161	3	29223.47676	15703.51086	29362.92536	15770.64675	2
162	0	29061.91329	15703.51086	29223.47676	15770.64675	2
163	3	28922.43755	15703.51086	29061.91329	15770.64675	2
164	0	27312.32836	15727.31127	27463.49048	15795.47344	2
165	0	27463.49048	15646.40713	27581.62322	15795.47344	2
166	0	27581.62322	15646.40713	27677.56528	15795.47344	2
167	0	29767.55951	15576.17031	29977.99661	15796.41421	2
168	1	27677.56528	14946.13926	28087.51373	15796.47447	2
169	3	28255.42536	15736.29226	28307.81889	15796.47447	2
170	3	28205.42536	15736.29226	28255.42536	15796.47447	2
171	3	28155.42536	15736.29226	28205.42536	15796.47447	2
172	3	28087.51373	15736.29226	28155.42536	15796.47447	2
173	0	28307.81889	15576.11005	28517.83408	15796.47447	2
174	3	27347.43755	15795.47344	27463.49048	15891.17031	2
175	3	27347.43755	15891.17031	27464.69464	15985.81	2
176	1	28087.43146	15796.47447	28517.54354	15985.9264	2
177	1	27677.56528	15796.47447	28087.43146	15985.9264	2
178	1	27463.49048	15795.47344	27677.56528	15985.9264	2
179	1	28517.54354	15770.64675	28922.43755	15996.17031	2
180	0	28727.80341	14306.01927	28937.68146	14526.17031	2
181	0	28727.80341	14526.17031	28937.68146	14736.19517	2
182	0	28517.93146	14305.9264	28727.80341	14736.19517	2
183	0	28097.93146	14305.9264	28517.93146	14736.19517	2
184	0	27258.0044	14946.13926	27677.56528	15156.42016	2
185	0	27258.0044	15156.42016	27677.56528	15496.45832	2
186	0	27312.32836	15563.36543	27360.9869	15646.40713	2
187	0	27258.0044	15795.47344	27347.43755	15985.81	2
188	1	28922.43755	15770.64675	29362.92536	15996.17031	2
189	1	29362.92536	15770.64675	29767.55951	15996.17031	2
190	0	30407.80341	15576.43297	30617.80341	15996.17031	2
191	0	29977.99661	14946.17031	30407.80341	15996.17031	2
192	0	29767.55951	15796.41421	29977.99661	15996.17031	2
193	1	29767.55951	15996.17031	30617.80341	16216.23639	2
194	1	30617.80341	15996.17031	30827.80341	16216.23639	2
195	0	30407.11473	16216.23639	30617.80341	16358.54836	2
196	1	29362.92536	15996.17031	29767.55951	16405.38913	2
197	1	28922.43755	15996.17031	29362.92536	16405.38913	2
198	1	28517.54354	15996.17031	28922.43755	16405.38913	2
199	2	27258.0044	15985.9264	27667.43146	16405.38913	2
200	0	28307.80341	15985.9264	28517.54354	16405.38913	2
201	0	28087.43146	15985.9264	28307.80341	16405.38913	2
202	0	27887.80341	15985.9264	28087.43146	16405.38913	2
203	0	27667.43146	15985.9264	27887.80341	16405.38913	2
204	3	30565.42536	16358.54836	30617.80341	16417.0902	2
205	3	30515.42536	16358.54836	30565.42536	16417.0902	2
206	3	30465.42536	16358.54836	30515.42536	16417.0902	2
207	3	30407.11473	16358.54836	30465.42536	16417.0902	2
208	0	30187.55951	16216.23639	30407.11473	16417.0902	2
209	0	29767.29469	16216.23639	30187.55951	16417.0902	2
210	1	30617.80341	16216.23639	30827.80341	16418.3106	2
211	0	28517.54354	16405.38913	28937.80592	16536.94953	2
212	0	28517.54354	16536.94953	28937.80592	16636.13726	2
213	1	28937.80592	16405.38913	29768.81425	16636.25207	2
214	1	29767.39937	16417.0902	30187.55951	16636.25207	2
215	1	30187.51615	16417.0902	30407.11473	16636.25207	2
216	1	30407.11473	16417.0902	30607.55951	16636.41421	2
217	1	30607.55951	16417.0902	30827.80341	16636.41421	2
218	0	27483.60568	16405.38913	27958.96668	16651.22172	2
219	0	26827.5	16405.38913	27483.60568	16651.22172	2
220	0	26827.5	16651.22172	27483.60568	16723.61172	2
221	2	27483.60568	16651.22172	27958.96668	16723.61172	2
222	0	28993.61128	16636.25207	29359.80896	16755.97305	2
223	1	30407.80341	16636.41421	30607.55951	16836.17031	2
224	0	28993.61128	16755.97305	29357.70954	16846.12287	2
225	0	27483.60568	16723.61172	27958.96668	16935.75214	2
226	0	26827.5	16723.61172	27483.60568	16935.75214	2
227	2	28839.38724	14941.04836	28922.43755	15452.02397	2
228	0	27312.32836	15496.45832	27463.49048	15563.36543	2
229	1	28522.95249	15452.02397	28922.43755	15768.18067	2
230	0	29357.70954	16755.97305	29518.26364	16984.70689	2
231	0	26827.5	16935.75214	27483.60568	17008.14214	2
232	2	27483.60568	16935.75214	27958.96668	17008.14214	2
233	3	29468.18255	16984.70689	29518.26364	17045.67566	2
234	3	29416.56012	16984.70689	29468.18255	17045.67566	2
235	3	29357.70953	16984.70689	29416.56012	17045.67566	2
236	0	29518.26364	16636.25207	29801.06893	17045.67566	2
237	1	29801.06893	16636.25207	30187.51615	17106.17713	2
238	0	28993.61128	16846.12287	29226.5664	17255.77393	2
239	0	29226.5664	16846.12287	29357.70954	17255.77393	2
240	2	29357.70954	17045.67566	29801.06893	17255.77393	2
241	0	28517.54354	16636.25207	28993.61128	17255.77393	2
242	0	27958.96668	16405.38913	28517.54354	17255.77393	2
243	0	27483.60568	17008.14214	27958.96668	17255.77393	2
244	0	26827.5	17008.14214	27483.60568	17255.77393	2
245	0	29767.55951	14306.13559	29987.86664	14526.17031	2
246	0	29767.55951	14526.17031	29987.86664	14736.17031	2
247	0	29987.86664	14306.13559	30197.80341	14736.17031	2
248	0	30197.80341	14306.13559	30407.80341	14736.17031	2
249	0	30407.80341	14306.13559	30617.80341	14736.17031	2
250	0	30617.80341	14306.13559	31037.80341	14736.17031	2
251	0	27887.82941	14305.9264	28097.93146	14736.19517	2
252	0	27677.56528	14305.9264	27887.82941	14736.19517	2
253	0	26827.5603	14305.9264	27677.56528	14946.13926	2
254	1	29767.55951	14736.17031	30617.80341	14946.17031	2
255	1	30617.80341	14736.17031	30827.80341	14946.17031	2
256	0	30827.80341	14736.17031	31037.80341	15156.17031	2
257	0	30827.80341	15156.17031	31037.80341	15576.17031	2
258	2	29362.92536	15263.04091	29446.00281	15770.64675	2
259	1	30617.80341	14946.17031	30827.80341	15996.17031	2
260	0	30827.80341	15576.17031	31037.80341	15996.17031	2
261	0	30827.80341	15996.17031	31037.80341	16416.17031	2
262	0	30827.80341	16416.17031	31037.80341	16836.17031	2
263	0	30607.55951	16636.41421	30827.80341	16836.17031	2
264	0	30187.51615	16636.41421	30407.80341	16836.17031	2
265	0	30187.51615	16836.17031	31037.80341	17256.20098	2
266	1	28937.68146	14306.01927	29767.55951	14736.17031	3
267	1	28922.43755	14736.19517	29362.92536	14941.04836	3
268	1	29362.92536	14736.17031	29767.55951	14941.04836	3
269	1	28517.93146	14736.19517	28922.43755	14941.04836	3
270	1	27887.82941	14736.19517	28087.51373	14945.98518	3
271	1	28087.51373	14736.17031	28517.83408	14945.98518	3
272	0	27677.56528	14736.19517	27887.82941	14946.13926	3
273	0	29767.55951	14946.17031	29977.99661	15156.17031	3
274	0	28307.81889	14945.98518	28517.83408	15156.17031	3
275	0	28087.51373	14945.98518	28307.81889	15156.17031	3
276	0	30407.80341	14946.17031	30617.80341	15156.43297	3
277	1	29362.92536	14941.04836	29762.43755	15263.04091	3
278	0	28307.81889	15156.17031	28517.83408	15349.55387	3
279	0	29767.55951	15156.17031	29977.99661	15366.17031	3
280	1	28522.95249	14941.04836	28839.38724	15452.02397	3
281	0	28307.81889	15349.55387	28517.83408	15576.11005	3
282	0	28087.51373	15156.17031	28307.81889	15576.11005	3
283	0	29767.55951	15366.17031	29977.99661	15576.17031	3
284	0	30407.80341	15156.43297	30617.80341	15576.43297	3
285	0	27463.49048	15496.45832	27677.56528	15646.40713	3
286	0	27412.20641	15563.36543	27463.49048	15646.40713	3
287	0	27360.9869	15563.36543	27412.20641	15646.40713	3
288	0	28922.43755	14941.04836	29362.92536	15702.00065	3
289	0	27412.20641	15646.40713	27463.49048	15727.31127	3
290	0	27360.9869	15646.40713	27412.20641	15727.31127	3
291	0	27312.32836	15646.40713	27360.9869	15727.31127	3
292	0	28087.51373	15576.11005	28307.81889	15736.29226	3
293	1	29446.00281	15263.04091	29767.55951	15768.18067	3
294	3	29223.47676	15703.51086	29362.92536	15770.64675	3
295	0	29061.91329	15703.51086	29223.47676	15770.64675	3
296	3	28922.43755	15703.51086	29061.91329	15770.64675	3
297	0	27312.32836	15727.31127	27463.49048	15795.47344	3
298	0	27463.49048	15646.40713	27581.62322	15795.47344	3
299	0	27581.62322	15646.40713	27677.56528	15795.47344	3
300	0	29767.55951	15576.17031	29977.99661	15796.41421	3
301	1	27677.56528	14946.13926	28087.51373	15796.47447	3
302	3	28255.42536	15736.29226	28307.81889	15796.47447	3
303	3	28205.42536	15736.29226	28255.42536	15796.47447	3
304	3	28155.42536	15736.29226	28205.42536	15796.47447	3
305	3	28087.51373	15736.29226	28155.42536	15796.47447	3
306	0	28307.81889	15576.11005	28517.83408	15796.47447	3
307	3	27347.43755	15795.47344	27463.49048	15891.17031	3
308	3	27347.43755	15891.17031	27464.69464	15985.81	3
309	1	28087.43146	15796.47447	28517.54354	15985.9264	3
310	1	27677.56528	15796.47447	28087.43146	15985.9264	3
311	1	27463.49048	15795.47344	27677.56528	15985.9264	3
312	1	28517.54354	15770.64675	28922.43755	15996.17031	3
313	0	28727.80341	14306.01927	28937.68146	14526.17031	3
314	0	28727.80341	14526.17031	28937.68146	14736.19517	3
315	0	28517.93146	14305.9264	28727.80341	14736.19517	3
316	0	28097.93146	14305.9264	28517.93146	14736.19517	3
317	0	27258.0044	14946.13926	27677.56528	15156.42016	3
318	0	27258.0044	15156.42016	27677.56528	15496.45832	3
319	0	27312.32836	15563.36543	27360.9869	15646.40713	3
320	0	27258.0044	15795.47344	27347.43755	15985.81	3
321	1	28922.43755	15770.64675	29362.92536	15996.17031	3
322	1	29362.92536	15770.64675	29767.55951	15996.17031	3
323	0	30407.80341	15576.43297	30617.80341	15996.17031	3
324	0	29977.99661	14946.17031	30407.80341	15996.17031	3
325	0	29767.55951	15796.41421	29977.99661	15996.17031	3
326	1	29767.55951	15996.17031	30617.80341	16216.23639	3
327	1	30617.80341	15996.17031	30827.80341	16216.23639	3
328	0	30407.11473	16216.23639	30617.80341	16358.54836	3
329	1	29362.92536	15996.17031	29767.55951	16405.38913	3
330	1	28922.43755	15996.17031	29362.92536	16405.38913	3
331	1	28517.54354	15996.17031	28922.43755	16405.38913	3
332	2	27258.0044	15985.9264	27667.43146	16405.38913	3
333	0	28307.80341	15985.9264	28517.54354	16405.38913	3
334	0	28087.43146	15985.9264	28307.80341	16405.38913	3
335	0	27887.80341	15985.9264	28087.43146	16405.38913	3
336	0	27667.43146	15985.9264	27887.80341	16405.38913	3
337	3	30565.42536	16358.54836	30617.80341	16417.0902	3
338	3	30515.42536	16358.54836	30565.42536	16417.0902	3
339	3	30465.42536	16358.54836	30515.42536	16417.0902	3
340	3	30407.11473	16358.54836	30465.42536	16417.0902	3
341	0	30187.55951	16216.23639	30407.11473	16417.0902	3
342	0	29767.29469	16216.23639	30187.55951	16417.0902	3
343	1	30617.80341	16216.23639	30827.80341	16418.3106	3
344	0	28517.54354	16405.38913	28937.80592	16536.94953	3
345	0	28517.54354	16536.94953	28937.80592	16636.13726	3
346	1	28937.80592	16405.38913	29768.81425	16636.25207	3
347	1	29767.39937	16417.0902	30187.55951	16636.25207	3
348	1	30187.51615	16417.0902	30407.11473	16636.25207	3
349	1	30407.11473	16417.0902	30607.55951	16636.41421	3
350	1	30607.55951	16417.0902	30827.80341	16636.41421	3
351	0	27483.60568	16405.38913	27958.96668	16651.22172	3
352	0	26827.5	16405.38913	27483.60568	16651.22172	3
353	0	26827.5	16651.22172	27483.60568	16723.61172	3
354	2	27483.60568	16651.22172	27958.96668	16723.61172	3
355	0	28993.61128	16636.25207	29359.80896	16755.97305	3
356	1	30407.80341	16636.41421	30607.55951	16836.17031	3
357	0	28993.61128	16755.97305	29357.70954	16846.12287	3
358	0	27483.60568	16723.61172	27958.96668	16935.75214	3
359	0	26827.5	16723.61172	27483.60568	16935.75214	3
360	2	28839.38724	14941.04836	28922.43755	15452.02397	3
361	0	27312.32836	15496.45832	27463.49048	15563.36543	3
362	1	28522.95249	15452.02397	28922.43755	15768.18067	3
363	0	29357.70954	16755.97305	29518.26364	16984.70689	3
364	0	26827.5	16935.75214	27483.60568	17008.14214	3
365	2	27483.60568	16935.75214	27958.96668	17008.14214	3
366	3	29468.18255	16984.70689	29518.26364	17045.67566	3
367	3	29416.56012	16984.70689	29468.18255	17045.67566	3
368	3	29357.70953	16984.70689	29416.56012	17045.67566	3
369	0	29518.26364	16636.25207	29801.06893	17045.67566	3
370	1	29801.06893	16636.25207	30187.51615	17106.17713	3
371	0	28993.61128	16846.12287	29226.5664	17255.77393	3
372	0	29226.5664	16846.12287	29357.70954	17255.77393	3
373	2	29357.70954	17045.67566	29801.06893	17255.77393	3
374	0	28517.54354	16636.25207	28993.61128	17255.77393	3
375	0	27958.96668	16405.38913	28517.54354	17255.77393	3
376	0	27483.60568	17008.14214	27958.96668	17255.77393	3
377	0	26827.5	17008.14214	27483.60568	17255.77393	3
378	0	29767.55951	14306.13559	29987.86664	14526.17031	3
379	0	29767.55951	14526.17031	29987.86664	14736.17031	3
380	0	29987.86664	14306.13559	30197.80341	14736.17031	3
381	0	30197.80341	14306.13559	30407.80341	14736.17031	3
382	0	30407.80341	14306.13559	30617.80341	14736.17031	3
383	0	30617.80341	14306.13559	31037.80341	14736.17031	3
384	0	27887.82941	14305.9264	28097.93146	14736.19517	3
385	0	27677.56528	14305.9264	27887.82941	14736.19517	3
386	0	26827.5603	14305.9264	27677.56528	14946.13926	3
387	1	29767.55951	14736.17031	30617.80341	14946.17031	3
388	1	30617.80341	14736.17031	30827.80341	14946.17031	3
389	0	30827.80341	14736.17031	31037.80341	15156.17031	3
390	0	30827.80341	15156.17031	31037.80341	15576.17031	3
391	2	29362.92536	15263.04091	29446.00281	15770.64675	3
392	1	30617.80341	14946.17031	30827.80341	15996.17031	3
393	0	30827.80341	15576.17031	31037.80341	15996.17031	3
394	0	30827.80341	15996.17031	31037.80341	16416.17031	3
395	0	30827.80341	16416.17031	31037.80341	16836.17031	3
396	0	30607.55951	16636.41421	30827.80341	16836.17031	3
397	0	30187.51615	16636.41421	30407.80341	16836.17031	3
398	0	30187.51615	16836.17031	31037.80341	17256.20098	3
399	1	28937.68146	14306.01927	29767.55951	14736.17031	4
400	1	28922.43755	14736.19517	29362.92536	14941.04836	4
401	1	29362.92536	14736.17031	29767.55951	14941.04836	4
402	1	28517.93146	14736.19517	28922.43755	14941.04836	4
403	1	27887.82941	14736.19517	28087.51373	14945.98518	4
404	1	28087.51373	14736.17031	28517.83408	14945.98518	4
405	0	27677.56528	14736.19517	27887.82941	14946.13926	4
406	0	29767.55951	14946.17031	29977.99661	15156.17031	4
407	0	28307.81889	14945.98518	28517.83408	15156.17031	4
408	0	28087.51373	14945.98518	28307.81889	15156.17031	4
409	0	30407.80341	14946.17031	30617.80341	15156.43297	4
410	1	29362.92536	14941.04836	29762.43755	15263.04091	4
411	0	28307.81889	15156.17031	28517.83408	15349.55387	4
412	0	29767.55951	15156.17031	29977.99661	15366.17031	4
413	1	28522.95249	14941.04836	28839.38724	15452.02397	4
414	0	28307.81889	15349.55387	28517.83408	15576.11005	4
415	0	28087.51373	15156.17031	28307.81889	15576.11005	4
416	0	29767.55951	15366.17031	29977.99661	15576.17031	4
417	0	30407.80341	15156.43297	30617.80341	15576.43297	4
418	0	27463.49048	15496.45832	27677.56528	15646.40713	4
419	0	27412.20641	15563.36543	27463.49048	15646.40713	4
420	0	27360.9869	15563.36543	27412.20641	15646.40713	4
421	0	28922.43755	14941.04836	29362.92536	15702.00065	4
422	0	27412.20641	15646.40713	27463.49048	15727.31127	4
423	0	27360.9869	15646.40713	27412.20641	15727.31127	4
424	0	27312.32836	15646.40713	27360.9869	15727.31127	4
425	0	28087.51373	15576.11005	28307.81889	15736.29226	4
426	1	29446.00281	15263.04091	29767.55951	15768.18067	4
427	3	29223.47676	15703.51086	29362.92536	15770.64675	4
428	0	29061.91329	15703.51086	29223.47676	15770.64675	4
429	3	28922.43755	15703.51086	29061.91329	15770.64675	4
430	0	27312.32836	15727.31127	27463.49048	15795.47344	4
431	0	27463.49048	15646.40713	27581.62322	15795.47344	4
432	0	27581.62322	15646.40713	27677.56528	15795.47344	4
433	0	29767.55951	15576.17031	29977.99661	15796.41421	4
434	1	27677.56528	14946.13926	28087.51373	15796.47447	4
435	3	28255.42536	15736.29226	28307.81889	15796.47447	4
436	3	28205.42536	15736.29226	28255.42536	15796.47447	4
437	3	28155.42536	15736.29226	28205.42536	15796.47447	4
438	3	28087.51373	15736.29226	28155.42536	15796.47447	4
439	0	28307.81889	15576.11005	28517.83408	15796.47447	4
440	3	27347.43755	15795.47344	27463.49048	15891.17031	4
441	3	27347.43755	15891.17031	27464.69464	15985.81	4
442	1	28087.43146	15796.47447	28517.54354	15985.9264	4
443	1	27677.56528	15796.47447	28087.43146	15985.9264	4
444	1	27463.49048	15795.47344	27677.56528	15985.9264	4
445	1	28517.54354	15770.64675	28922.43755	15996.17031	4
446	0	28727.80341	14306.01927	28937.68146	14526.17031	4
447	0	28727.80341	14526.17031	28937.68146	14736.19517	4
448	0	28517.93146	14305.9264	28727.80341	14736.19517	4
449	0	28097.93146	14305.9264	28517.93146	14736.19517	4
450	0	27258.0044	14946.13926	27677.56528	15156.42016	4
451	0	27258.0044	15156.42016	27677.56528	15496.45832	4
452	0	27312.32836	15563.36543	27360.9869	15646.40713	4
453	0	27258.0044	15795.47344	27347.43755	15985.81	4
454	1	28922.43755	15770.64675	29362.92536	15996.17031	4
455	1	29362.92536	15770.64675	29767.55951	15996.17031	4
456	0	30407.80341	15576.43297	30617.80341	15996.17031	4
457	0	29977.99661	14946.17031	30407.80341	15996.17031	4
458	0	29767.55951	15796.41421	29977.99661	15996.17031	4
459	1	29767.55951	15996.17031	30617.80341	16216.23639	4
460	1	30617.80341	15996.17031	30827.80341	16216.23639	4
461	0	30407.11473	16216.23639	30617.80341	16358.54836	4
462	1	29362.92536	15996.17031	29767.55951	16405.38913	4
463	1	28922.43755	15996.17031	29362.92536	16405.38913	4
464	1	28517.54354	15996.17031	28922.43755	16405.38913	4
465	2	27258.0044	15985.9264	27667.43146	16405.38913	4
466	0	28307.80341	15985.9264	28517.54354	16405.38913	4
467	0	28087.43146	15985.9264	28307.80341	16405.38913	4
468	0	27887.80341	15985.9264	28087.43146	16405.38913	4
469	0	27667.43146	15985.9264	27887.80341	16405.38913	4
470	3	30565.42536	16358.54836	30617.80341	16417.0902	4
471	3	30515.42536	16358.54836	30565.42536	16417.0902	4
472	3	30465.42536	16358.54836	30515.42536	16417.0902	4
473	3	30407.11473	16358.54836	30465.42536	16417.0902	4
474	0	30187.55951	16216.23639	30407.11473	16417.0902	4
475	0	29767.29469	16216.23639	30187.55951	16417.0902	4
476	1	30617.80341	16216.23639	30827.80341	16418.3106	4
477	0	28517.54354	16405.38913	28937.80592	16536.94953	4
478	0	28517.54354	16536.94953	28937.80592	16636.13726	4
479	1	28937.80592	16405.38913	29768.81425	16636.25207	4
480	1	29767.39937	16417.0902	30187.55951	16636.25207	4
481	1	30187.51615	16417.0902	30407.11473	16636.25207	4
482	1	30407.11473	16417.0902	30607.55951	16636.41421	4
483	1	30607.55951	16417.0902	30827.80341	16636.41421	4
484	0	27483.60568	16405.38913	27958.96668	16651.22172	4
485	0	26827.5	16405.38913	27483.60568	16651.22172	4
486	0	26827.5	16651.22172	27483.60568	16723.61172	4
487	2	27483.60568	16651.22172	27958.96668	16723.61172	4
488	0	28993.61128	16636.25207	29359.80896	16755.97305	4
489	1	30407.80341	16636.41421	30607.55951	16836.17031	4
490	0	28993.61128	16755.97305	29357.70954	16846.12287	4
491	0	27483.60568	16723.61172	27958.96668	16935.75214	4
492	0	26827.5	16723.61172	27483.60568	16935.75214	4
493	2	28839.38724	14941.04836	28922.43755	15452.02397	4
494	0	27312.32836	15496.45832	27463.49048	15563.36543	4
495	1	28522.95249	15452.02397	28922.43755	15768.18067	4
496	0	29357.70954	16755.97305	29518.26364	16984.70689	4
497	0	26827.5	16935.75214	27483.60568	17008.14214	4
498	2	27483.60568	16935.75214	27958.96668	17008.14214	4
499	3	29468.18255	16984.70689	29518.26364	17045.67566	4
500	3	29416.56012	16984.70689	29468.18255	17045.67566	4
501	3	29357.70953	16984.70689	29416.56012	17045.67566	4
502	0	29518.26364	16636.25207	29801.06893	17045.67566	4
503	1	29801.06893	16636.25207	30187.51615	17106.17713	4
504	0	28993.61128	16846.12287	29226.5664	17255.77393	4
505	0	29226.5664	16846.12287	29357.70954	17255.77393	4
506	2	29357.70954	17045.67566	29801.06893	17255.77393	4
507	0	28517.54354	16636.25207	28993.61128	17255.77393	4
508	0	27958.96668	16405.38913	28517.54354	17255.77393	4
509	0	27483.60568	17008.14214	27958.96668	17255.77393	4
510	0	26827.5	17008.14214	27483.60568	17255.77393	4
511	0	29767.55951	14306.13559	29987.86664	14526.17031	4
512	0	29767.55951	14526.17031	29987.86664	14736.17031	4
513	0	29987.86664	14306.13559	30197.80341	14736.17031	4
514	0	30197.80341	14306.13559	30407.80341	14736.17031	4
515	0	30407.80341	14306.13559	30617.80341	14736.17031	4
516	0	30617.80341	14306.13559	31037.80341	14736.17031	4
517	0	27887.82941	14305.9264	28097.93146	14736.19517	4
518	0	27677.56528	14305.9264	27887.82941	14736.19517	4
519	0	26827.5603	14305.9264	27677.56528	14946.13926	4
520	1	29767.55951	14736.17031	30617.80341	14946.17031	4
521	1	30617.80341	14736.17031	30827.80341	14946.17031	4
522	0	30827.80341	14736.17031	31037.80341	15156.17031	4
523	0	30827.80341	15156.17031	31037.80341	15576.17031	4
524	2	29362.92536	15263.04091	29446.00281	15770.64675	4
525	1	30617.80341	14946.17031	30827.80341	15996.17031	4
526	0	30827.80341	15576.17031	31037.80341	15996.17031	4
527	0	30827.80341	15996.17031	31037.80341	16416.17031	4
528	0	30827.80341	16416.17031	31037.80341	16836.17031	4
529	0	30607.55951	16636.41421	30827.80341	16836.17031	4
530	0	30187.51615	16636.41421	30407.80341	16836.17031	4
531	0	30187.51615	16836.17031	31037.80341	17256.20098	4
532	0	27945.09384	14374.33638	28155.09384	14805.01609	5
533	0	28155.09384	14374.33638	28575.09384	14805.01609	5
534	0	28575.09384	14374.33638	28785.09384	14805.01609	5
535	0	28785.09384	14374.33638	28995.09384	14805.01609	5
536	0	28995.09384	14374.33638	29205.09384	14805.01609	5
537	0	29205.09384	14374.33638	29415.09384	14805.01609	5
538	0	29415.09384	14374.33638	29625.09384	14805.01609	5
539	0	29625.09384	14374.33638	29835.09384	14805.01609	5
540	0	29835.09384	14374.33638	30045.09384	14805.01609	5
541	0	30045.09384	14374.33638	30255.09384	14805.01609	5
542	0	30255.09384	14374.33638	31095.09384	14805.01609	5
543	0	26884.84993	14374.33638	27304.84993	15015.0013	5
544	0	26884.84993	15015.0013	27178.8004	15225.01953	5
545	0	29824.84993	15016.02431	30036.47595	15225.01953	5
546	0	30463.46782	15016.02431	30675.09384	15434.01474	5
547	0	29824.84993	15225.01953	30036.47595	15434.01474	5
548	0	26884.84993	15225.01953	27178.8004	15435.26343	5
549	0	27304.63179	15214.77562	27735.01722	15565.68954	5
550	0	27365.48708	15565.68954	27520.22353	15632.21465	5
551	0	26884.84993	15435.26343	27178.8004	15644.64489	5
552	0	26884.84993	15644.64489	26952.47189	15691.40016	5
553	0	27520.22353	15565.68954	27735.01722	15715.44635	5
554	0	27469.68015	15632.21465	27520.22353	15715.44635	5
555	0	27418.29921	15632.21465	27469.68015	15715.44635	5
556	0	27365.48708	15632.21465	27418.29921	15715.44635	5
557	0	26952.47189	15644.64489	27128.8004	15741.84097	5
558	0	26884.84993	15691.40016	26952.47189	15741.84097	5
559	0	29285.06142	15012.4398	29402.52741	15773.57448	5
560	0	28997.80099	15012.4398	29115.13323	15775.18174	5
561	0	26884.84993	15741.84097	26952.47189	15791.90977	5
562	0	29402.52741	15012.4398	29537.6364	15797.11816	5
563	0	27469.32397	15715.44635	27520.22353	15798.67806	5
564	0	27418.31331	15715.44635	27469.68015	15798.67806	5
565	0	27365.48708	15715.44635	27418.31331	15798.67806	5
566	0	28354.84993	15645.01953	28576.48265	15807.64148	5
567	1	28576.48265	15012.4398	28796.67767	15836.93499	5
568	1	28796.67767	15470.87318	28847.56625	15836.93499	5
569	3	29285.06142	15773.57448	29402.52741	15836.93499	5
570	3	28997.80099	15775.03683	29115.13323	15836.93499	5
571	0	28862.12272	15012.4398	28997.80099	15836.93499	5
572	0	29115.13323	15012.4398	29285.06142	15836.93499	5
573	0	26952.47189	15741.84097	27128.8004	15844.444	5
574	0	26884.92697	15791.90977	26952.47189	15844.444	5
575	1	27735.01722	15015.0013	28143.80612	15864.38765	5
576	0	27637.43575	15715.44635	27735.01722	15864.38765	5
577	0	27365.48708	15798.67806	27520.22353	15864.38765	5
578	0	27520.22353	15715.44635	27637.43575	15864.38765	5
579	0	27304.63179	15565.68954	27365.48708	15864.38765	5
580	1	28576.48265	15836.93499	28785.09384	15866.00762	5
581	3	28522.71579	15807.64148	28576.48265	15866.00762	5
582	3	28472.71579	15807.64148	28522.71579	15866.00762	5
583	3	28422.71579	15807.64148	28472.71579	15866.00762	5
584	3	28354.84993	15807.64148	28422.71579	15866.00762	5
585	0	28522.71579	15807.64148	28576.48265	15866.00762	5
586	0	28472.71579	15807.64148	28522.71579	15866.00762	5
587	0	28422.71579	15807.64148	28472.71579	15866.00762	5
588	0	28354.84993	15807.64148	28422.71579	15866.00762	5
589	0	28143.80612	15645.01953	28354.84993	15866.00762	5
590	3	27409.69929	15864.38765	27525.09384	15958.73001	5
591	1	27178.8004	15844.444	27304.63179	16054.77026	5
592	1	27735.01722	15864.38765	28143.80612	16054.77026	5
593	1	28143.80612	15866.00762	28155.09384	16054.77026	5
594	1	28155.09384	15866.00762	28542.35358	16054.77026	5
595	1	28542.35358	15866.00762	28576.48265	16054.77562	5
596	1	28576.48265	15866.00762	28785.09384	16054.77562	5
597	3	27409.69929	15958.73001	27525.09384	16054.77562	5
598	0	27304.63179	15864.38765	27409.69929	16054.77562	5
599	0	26884.84993	15844.444	27178.8004	16054.77562	5
600	0	30463.51332	15613.03522	30675.09384	16064.51145	5
601	2	27304.63179	16054.77026	27724.84993	16477.00796	5
602	0	27304.84993	14374.33638	27735.01722	14805.01609	5
603	0	27735.01722	14374.33638	27945.09384	14805.01609	5
604	0	28542.35358	16054.77562	28785.09384	16477.00796	5
605	0	27945.09384	16054.77026	28155.09384	16477.00796	5
606	0	27724.84993	16054.77026	27944.9419	16477.00796	5
607	0	26884.84993	16054.77562	27304.63179	16477.00796	5
608	1	28576.48265	14805.01609	28796.67767	15012.4398	5
609	1	28143.80612	14805.01609	28576.48265	15013.76935	5
610	1	27940.23398	14805.01609	28143.80612	15015.0013	5
611	0	27304.84993	14805.01609	27735.01722	15015.0013	5
612	0	27735.01722	14805.01609	27940.23398	15015.0013	5
613	1	27304.84993	15015.0013	27735.01722	15214.77562	5
614	1	27178.8004	15015.0013	27304.63179	15214.77562	5
615	0	28365.09384	15013.76935	28576.48265	15225.0186	5
616	0	28143.80612	15013.76935	28365.09384	15225.0186	5
617	2	28796.67767	15012.4398	28862.12272	15470.87318	5
618	1	27178.8004	15214.77562	27304.63179	15644.64489	5
619	2	29537.6364	15381.89013	29603.29324	15836.93499	5
620	1	27178.8004	15644.64489	27304.63179	15844.444	5
621	1	27128.8004	15644.64489	27178.8004	15844.444	5
622	1	27525.09384	15864.38765	27735.01722	16054.77026	5
623	1	28785.09384	15836.93499	28862.12272	16062.35133	5
624	1	28862.12272	15836.93499	28989.97189	16062.35133	5
625	1	28989.97189	15836.93499	29409.97628	16062.35133	5
626	1	29409.97628	15836.93499	29603.29324	16062.35133	5
627	0	28989.97189	16062.35133	29409.97628	16478.40923	5
628	1	29537.6364	14805.01609	29824.84993	15012.4398	5
629	1	28796.67767	14805.01609	29537.6364	15012.4398	5
630	1	29603.29324	15836.93499	29824.85089	16062.35133	5
631	1	28155.09384	16054.77562	28542.35358	16477.00796	5
632	1	29409.97628	16062.35133	29824.85089	16485.01953	5
633	3	30572.71579	16427.39757	30622.71579	16485.01953	5
634	3	30522.71579	16427.39757	30572.71579	16485.01953	5
635	3	30463.51332	16427.39757	30522.71579	16485.01953	5
636	3	30622.71579	16427.39757	30675.09384	16485.01953	5
637	0	30885.09384	16485.01953	31095.09384	16704.51125	5
638	0	28542.35358	16477.00796	28785.09384	16894.45355	5
639	0	29415.05185	16704.51125	29576.64872	17056.11709	5
640	3	29525.21579	17056.11709	29576.64872	17114.82187	5
641	3	29473.99628	17056.11709	29525.21579	17114.82187	5
642	3	29415.05185	17056.11709	29473.99628	17114.82187	5
643	0	29576.64872	16704.51125	29835.21861	17114.82187	5
644	0	27944.9419	16477.00796	28542.35358	17151.30204	5
645	0	28995.09385	16894.45355	29415.05185	17244.53172	5
646	0	28542.35358	16894.45355	28995.09385	17244.53172	5
647	1	30675.09384	14805.01609	30885.09384	15016.02431	5
648	1	29824.84993	14805.01609	30675.09384	15016.02431	5
649	1	29537.6364	15012.4398	29824.84993	15381.89013	5
650	1	29603.29324	15381.89013	29824.84993	15434.01474	5
651	3	30036.47595	15016.02431	30463.46782	15434.01474	5
652	1	29824.84993	15434.01474	30675.09384	15613.03522	5
653	1	29603.29324	15434.01474	29824.84993	15613.03522	5
654	3	28143.80612	15225.0186	28576.48265	15645.01953	5
655	1	29603.29324	15613.03522	29824.85089	15836.93499	5
656	3	30035.86699	15613.03522	30463.51332	16064.51145	5
657	1	28785.09384	16062.35133	28989.97189	16478.40923	5
658	1	30675.09384	15016.02431	30885.09384	16485.01953	5
659	1	30675.09384	16485.01953	30885.09384	16704.51125	5
660	1	29824.85089	16485.01953	30675.09384	16704.51125	5
661	1	29415.05185	16485.01953	29824.85089	16704.51125	5
662	1	28785.09384	16477.00796	28989.97189	16704.51125	5
663	1	28989.97189	16478.40923	29415.05185	16704.51125	5
664	1	28785.09384	16704.51125	29415.05185	16894.45355	5
665	0	29945.33774	16704.51125	31095.09384	17324.20097	5
666	0	29835.21861	16704.51125	29945.33774	17324.20097	5
667	0	29415.05185	17114.82187	29835.21861	17324.20097	5
668	0	28542.35358	17244.53172	29415.05185	17324.20097	5
669	0	27304.63179	16477.00796	27944.9419	17324.20097	5
670	0	27944.9419	17151.30204	28542.35358	17324.20097	5
671	0	26884.84993	16477.00796	27304.63179	17324.20097	5
672	0	30885.09384	14805.01609	31095.09384	15225.01953	5
673	0	30885.09384	15225.01953	31095.09384	15612.03043	5
674	0	29824.85089	15613.03522	30035.86699	15842.51824	5
675	0	29824.85089	15842.51824	30035.86699	16064.51145	5
676	0	30885.09384	15612.03043	31095.09384	16065.01953	5
677	0	30463.51332	16064.51145	30675.09384	16281.81528	5
678	0	30463.51332	16281.81528	30675.09384	16427.39757	5
679	0	29824.85089	16064.51145	30035.86699	16485.01953	5
680	0	30035.86699	16064.51145	30463.51332	16485.01953	5
681	0	30885.09384	16065.01953	31095.09384	16485.01953	5
682	0	27945.09384	14374.33638	28155.09384	14805.01609	6
683	0	28155.09384	14374.33638	28575.09384	14805.01609	6
684	0	28575.09384	14374.33638	28785.09384	14805.01609	6
685	0	28785.09384	14374.33638	28995.09384	14805.01609	6
686	0	28995.09384	14374.33638	29205.09384	14805.01609	6
687	0	29205.09384	14374.33638	29415.09384	14805.01609	6
688	0	29415.09384	14374.33638	29625.09384	14805.01609	6
689	0	29625.09384	14374.33638	29835.09384	14805.01609	6
690	0	29835.09384	14374.33638	30045.09384	14805.01609	6
691	0	30045.09384	14374.33638	30255.09384	14805.01609	6
692	0	30255.09384	14374.33638	31095.09384	14805.01609	6
693	0	26884.84993	14374.33638	27304.84993	15015.0013	6
694	0	26884.84993	15015.0013	27178.8004	15225.01953	6
695	0	29824.84993	15016.02431	30036.47595	15225.01953	6
696	0	30463.46782	15016.02431	30675.09384	15434.01474	6
697	0	29824.84993	15225.01953	30036.47595	15434.01474	6
698	0	26884.84993	15225.01953	27178.8004	15435.26343	6
699	0	27304.63179	15214.77562	27735.01722	15565.68954	6
700	0	27365.48708	15565.68954	27520.22353	15632.21465	6
701	0	26884.84993	15435.26343	27178.8004	15644.64489	6
702	0	26884.84993	15644.64489	26952.47189	15691.40016	6
703	0	27520.22353	15565.68954	27735.01722	15715.44635	6
704	0	27469.68015	15632.21465	27520.22353	15715.44635	6
705	0	27418.29921	15632.21465	27469.68015	15715.44635	6
706	0	27365.48708	15632.21465	27418.29921	15715.44635	6
707	0	26952.47189	15644.64489	27128.8004	15741.84097	6
708	0	26884.84993	15691.40016	26952.47189	15741.84097	6
709	0	29285.06142	15012.4398	29402.52741	15773.57448	6
710	0	28997.80099	15012.4398	29115.13323	15775.18174	6
711	0	26884.84993	15741.84097	26952.47189	15791.90977	6
712	0	29402.52741	15012.4398	29537.6364	15797.11816	6
713	0	27469.32397	15715.44635	27520.22353	15798.67806	6
714	0	27418.31331	15715.44635	27469.68015	15798.67806	6
715	0	27365.48708	15715.44635	27418.31331	15798.67806	6
716	0	28354.84993	15645.01953	28576.48265	15807.64148	6
717	1	28576.48265	15012.4398	28796.67767	15836.93499	6
718	1	28796.67767	15470.87318	28847.56625	15836.93499	6
719	3	29285.06142	15773.57448	29402.52741	15836.93499	6
720	3	28997.80099	15775.03683	29115.13323	15836.93499	6
721	0	28862.12272	15012.4398	28997.80099	15836.93499	6
722	0	29115.13323	15012.4398	29285.06142	15836.93499	6
723	0	26952.47189	15741.84097	27128.8004	15844.444	6
724	0	26884.92697	15791.90977	26952.47189	15844.444	6
725	1	27735.01722	15015.0013	28143.80612	15864.38765	6
726	0	27637.43575	15715.44635	27735.01722	15864.38765	6
727	0	27365.48708	15798.67806	27520.22353	15864.38765	6
728	0	27520.22353	15715.44635	27637.43575	15864.38765	6
729	0	27304.63179	15565.68954	27365.48708	15864.38765	6
730	1	28576.48265	15836.93499	28785.09384	15866.00762	6
731	3	28522.71579	15807.64148	28576.48265	15866.00762	6
732	3	28472.71579	15807.64148	28522.71579	15866.00762	6
733	3	28422.71579	15807.64148	28472.71579	15866.00762	6
734	3	28354.84993	15807.64148	28422.71579	15866.00762	6
735	0	28522.71579	15807.64148	28576.48265	15866.00762	6
736	0	28472.71579	15807.64148	28522.71579	15866.00762	6
737	0	28422.71579	15807.64148	28472.71579	15866.00762	6
738	0	28354.84993	15807.64148	28422.71579	15866.00762	6
739	0	28143.80612	15645.01953	28354.84993	15866.00762	6
740	3	27409.69929	15864.38765	27525.09384	15958.73001	6
741	1	27178.8004	15844.444	27304.63179	16054.77026	6
742	1	27735.01722	15864.38765	28143.80612	16054.77026	6
743	1	28143.80612	15866.00762	28155.09384	16054.77026	6
744	1	28155.09384	15866.00762	28542.35358	16054.77026	6
745	1	28542.35358	15866.00762	28576.48265	16054.77562	6
746	1	28576.48265	15866.00762	28785.09384	16054.77562	6
747	3	27409.69929	15958.73001	27525.09384	16054.77562	6
748	0	27304.63179	15864.38765	27409.69929	16054.77562	6
749	0	26884.84993	15844.444	27178.8004	16054.77562	6
750	0	30463.51332	15613.03522	30675.09384	16064.51145	6
751	2	27304.63179	16054.77026	27724.84993	16477.00796	6
752	0	27304.84993	14374.33638	27735.01722	14805.01609	6
753	0	27735.01722	14374.33638	27945.09384	14805.01609	6
754	0	28542.35358	16054.77562	28785.09384	16477.00796	6
755	0	27945.09384	16054.77026	28155.09384	16477.00796	6
756	0	27724.84993	16054.77026	27944.9419	16477.00796	6
757	0	26884.84993	16054.77562	27304.63179	16477.00796	6
758	1	28576.48265	14805.01609	28796.67767	15012.4398	6
759	1	28143.80612	14805.01609	28576.48265	15013.76935	6
760	1	27940.23398	14805.01609	28143.80612	15015.0013	6
761	0	27304.84993	14805.01609	27735.01722	15015.0013	6
762	0	27735.01722	14805.01609	27940.23398	15015.0013	6
763	1	27304.84993	15015.0013	27735.01722	15214.77562	6
764	1	27178.8004	15015.0013	27304.63179	15214.77562	6
765	0	28365.09384	15013.76935	28576.48265	15225.0186	6
766	0	28143.80612	15013.76935	28365.09384	15225.0186	6
767	2	28796.67767	15012.4398	28862.12272	15470.87318	6
768	1	27178.8004	15214.77562	27304.63179	15644.64489	6
769	2	29537.6364	15381.89013	29603.29324	15836.93499	6
770	1	27178.8004	15644.64489	27304.63179	15844.444	6
771	1	27128.8004	15644.64489	27178.8004	15844.444	6
772	1	27525.09384	15864.38765	27735.01722	16054.77026	6
773	1	28785.09384	15836.93499	28862.12272	16062.35133	6
774	1	28862.12272	15836.93499	28989.97189	16062.35133	6
775	1	28989.97189	15836.93499	29409.97628	16062.35133	6
776	1	29409.97628	15836.93499	29603.29324	16062.35133	6
777	0	28989.97189	16062.35133	29409.97628	16478.40923	6
778	1	29537.6364	14805.01609	29824.84993	15012.4398	6
779	1	28796.67767	14805.01609	29537.6364	15012.4398	6
780	1	29603.29324	15836.93499	29824.85089	16062.35133	6
781	1	28155.09384	16054.77562	28542.35358	16477.00796	6
782	1	29409.97628	16062.35133	29824.85089	16485.01953	6
783	3	30572.71579	16427.39757	30622.71579	16485.01953	6
784	3	30522.71579	16427.39757	30572.71579	16485.01953	6
785	3	30463.51332	16427.39757	30522.71579	16485.01953	6
786	3	30622.71579	16427.39757	30675.09384	16485.01953	6
787	0	30885.09384	16485.01953	31095.09384	16704.51125	6
788	0	28542.35358	16477.00796	28785.09384	16894.45355	6
789	0	29415.05185	16704.51125	29576.64872	17056.11709	6
790	3	29525.21579	17056.11709	29576.64872	17114.82187	6
791	3	29473.99628	17056.11709	29525.21579	17114.82187	6
792	3	29415.05185	17056.11709	29473.99628	17114.82187	6
793	0	29576.64872	16704.51125	29835.21861	17114.82187	6
794	0	27944.9419	16477.00796	28542.35358	17151.30204	6
795	0	28995.09385	16894.45355	29415.05185	17244.53172	6
796	0	28542.35358	16894.45355	28995.09385	17244.53172	6
797	1	30675.09384	14805.01609	30885.09384	15016.02431	6
798	1	29824.84993	14805.01609	30675.09384	15016.02431	6
799	1	29537.6364	15012.4398	29824.84993	15381.89013	6
800	1	29603.29324	15381.89013	29824.84993	15434.01474	6
801	3	30036.47595	15016.02431	30463.46782	15434.01474	6
802	1	29824.84993	15434.01474	30675.09384	15613.03522	6
803	1	29603.29324	15434.01474	29824.84993	15613.03522	6
804	3	28143.80612	15225.0186	28576.48265	15645.01953	6
805	1	29603.29324	15613.03522	29824.85089	15836.93499	6
806	3	30035.86699	15613.03522	30463.51332	16064.51145	6
807	1	28785.09384	16062.35133	28989.97189	16478.40923	6
808	1	30675.09384	15016.02431	30885.09384	16485.01953	6
809	1	30675.09384	16485.01953	30885.09384	16704.51125	6
810	1	29824.85089	16485.01953	30675.09384	16704.51125	6
811	1	29415.05185	16485.01953	29824.85089	16704.51125	6
812	1	28785.09384	16477.00796	28989.97189	16704.51125	6
813	1	28989.97189	16478.40923	29415.05185	16704.51125	6
814	1	28785.09384	16704.51125	29415.05185	16894.45355	6
815	0	29945.33774	16704.51125	31095.09384	17324.20097	6
816	0	29835.21861	16704.51125	29945.33774	17324.20097	6
817	0	29415.05185	17114.82187	29835.21861	17324.20097	6
818	0	28542.35358	17244.53172	29415.05185	17324.20097	6
819	0	27304.63179	16477.00796	27944.9419	17324.20097	6
820	0	27944.9419	17151.30204	28542.35358	17324.20097	6
821	0	26884.84993	16477.00796	27304.63179	17324.20097	6
822	0	30885.09384	14805.01609	31095.09384	15225.01953	6
823	0	30885.09384	15225.01953	31095.09384	15612.03043	6
824	0	29824.85089	15613.03522	30035.86699	15842.51824	6
825	0	29824.85089	15842.51824	30035.86699	16064.51145	6
826	0	30885.09384	15612.03043	31095.09384	16065.01953	6
827	0	30463.51332	16064.51145	30675.09384	16281.81528	6
828	0	30463.51332	16281.81528	30675.09384	16427.39757	6
829	0	29824.85089	16064.51145	30035.86699	16485.01953	6
830	0	30035.86699	16064.51145	30463.51332	16485.01953	6
831	0	30885.09384	16065.01953	31095.09384	16485.01953	6
832	0	27945.09384	14374.33638	28155.09384	14805.01609	7
833	0	28155.09384	14374.33638	28575.09384	14805.01609	7
834	0	28575.09384	14374.33638	28785.09384	14805.01609	7
835	0	28785.09384	14374.33638	28995.09384	14805.01609	7
836	0	28995.09384	14374.33638	29205.09384	14805.01609	7
837	0	29205.09384	14374.33638	29415.09384	14805.01609	7
838	0	29415.09384	14374.33638	29625.09384	14805.01609	7
839	0	29625.09384	14374.33638	29835.09384	14805.01609	7
840	0	29835.09384	14374.33638	30045.09384	14805.01609	7
841	0	30045.09384	14374.33638	30255.09384	14805.01609	7
842	0	30255.09384	14374.33638	31095.09384	14805.01609	7
843	0	26884.84993	14374.33638	27304.84993	15015.0013	7
844	0	26884.84993	15015.0013	27178.8004	15225.01953	7
845	0	29824.84993	15016.02431	30036.47595	15225.01953	7
846	0	30463.46782	15016.02431	30675.09384	15434.01474	7
847	0	29824.84993	15225.01953	30036.47595	15434.01474	7
848	0	26884.84993	15225.01953	27178.8004	15435.26343	7
849	0	27304.63179	15214.77562	27735.01722	15565.68954	7
850	0	27365.48708	15565.68954	27520.22353	15632.21465	7
851	0	26884.84993	15435.26343	27178.8004	15644.64489	7
852	0	26884.84993	15644.64489	26952.47189	15691.40016	7
853	0	27520.22353	15565.68954	27735.01722	15715.44635	7
854	0	27469.68015	15632.21465	27520.22353	15715.44635	7
855	0	27418.29921	15632.21465	27469.68015	15715.44635	7
856	0	27365.48708	15632.21465	27418.29921	15715.44635	7
857	0	26952.47189	15644.64489	27128.8004	15741.84097	7
858	0	26884.84993	15691.40016	26952.47189	15741.84097	7
859	0	29285.06142	15012.4398	29402.52741	15773.57448	7
860	0	28997.80099	15012.4398	29115.13323	15775.18174	7
861	0	26884.84993	15741.84097	26952.47189	15791.90977	7
862	0	29402.52741	15012.4398	29537.6364	15797.11816	7
863	0	27469.32397	15715.44635	27520.22353	15798.67806	7
864	0	27418.31331	15715.44635	27469.68015	15798.67806	7
865	0	27365.48708	15715.44635	27418.31331	15798.67806	7
866	0	28354.84993	15645.01953	28576.48265	15807.64148	7
867	1	28576.48265	15012.4398	28796.67767	15836.93499	7
868	1	28796.67767	15470.87318	28847.56625	15836.93499	7
869	3	29285.06142	15773.57448	29402.52741	15836.93499	7
870	3	28997.80099	15775.03683	29115.13323	15836.93499	7
871	0	28862.12272	15012.4398	28997.80099	15836.93499	7
872	0	29115.13323	15012.4398	29285.06142	15836.93499	7
873	0	26952.47189	15741.84097	27128.8004	15844.444	7
874	0	26884.92697	15791.90977	26952.47189	15844.444	7
875	1	27735.01722	15015.0013	28143.80612	15864.38765	7
876	0	27637.43575	15715.44635	27735.01722	15864.38765	7
877	0	27365.48708	15798.67806	27520.22353	15864.38765	7
878	0	27520.22353	15715.44635	27637.43575	15864.38765	7
879	0	27304.63179	15565.68954	27365.48708	15864.38765	7
880	1	28576.48265	15836.93499	28785.09384	15866.00762	7
881	3	28522.71579	15807.64148	28576.48265	15866.00762	7
882	3	28472.71579	15807.64148	28522.71579	15866.00762	7
883	3	28422.71579	15807.64148	28472.71579	15866.00762	7
884	3	28354.84993	15807.64148	28422.71579	15866.00762	7
885	0	28522.71579	15807.64148	28576.48265	15866.00762	7
886	0	28472.71579	15807.64148	28522.71579	15866.00762	7
887	0	28422.71579	15807.64148	28472.71579	15866.00762	7
888	0	28354.84993	15807.64148	28422.71579	15866.00762	7
889	0	28143.80612	15645.01953	28354.84993	15866.00762	7
890	3	27409.69929	15864.38765	27525.09384	15958.73001	7
891	1	27178.8004	15844.444	27304.63179	16054.77026	7
892	1	27735.01722	15864.38765	28143.80612	16054.77026	7
893	1	28143.80612	15866.00762	28155.09384	16054.77026	7
894	1	28155.09384	15866.00762	28542.35358	16054.77026	7
895	1	28542.35358	15866.00762	28576.48265	16054.77562	7
896	1	28576.48265	15866.00762	28785.09384	16054.77562	7
897	3	27409.69929	15958.73001	27525.09384	16054.77562	7
898	0	27304.63179	15864.38765	27409.69929	16054.77562	7
899	0	26884.84993	15844.444	27178.8004	16054.77562	7
900	0	30463.51332	15613.03522	30675.09384	16064.51145	7
901	2	27304.63179	16054.77026	27724.84993	16477.00796	7
902	0	27304.84993	14374.33638	27735.01722	14805.01609	7
903	0	27735.01722	14374.33638	27945.09384	14805.01609	7
904	0	28542.35358	16054.77562	28785.09384	16477.00796	7
905	0	27945.09384	16054.77026	28155.09384	16477.00796	7
906	0	27724.84993	16054.77026	27944.9419	16477.00796	7
907	0	26884.84993	16054.77562	27304.63179	16477.00796	7
908	1	28576.48265	14805.01609	28796.67767	15012.4398	7
909	1	28143.80612	14805.01609	28576.48265	15013.76935	7
910	1	27940.23398	14805.01609	28143.80612	15015.0013	7
911	0	27304.84993	14805.01609	27735.01722	15015.0013	7
912	0	27735.01722	14805.01609	27940.23398	15015.0013	7
913	1	27304.84993	15015.0013	27735.01722	15214.77562	7
914	1	27178.8004	15015.0013	27304.63179	15214.77562	7
915	0	28365.09384	15013.76935	28576.48265	15225.0186	7
916	0	28143.80612	15013.76935	28365.09384	15225.0186	7
917	2	28796.67767	15012.4398	28862.12272	15470.87318	7
918	1	27178.8004	15214.77562	27304.63179	15644.64489	7
919	2	29537.6364	15381.89013	29603.29324	15836.93499	7
920	1	27178.8004	15644.64489	27304.63179	15844.444	7
921	1	27128.8004	15644.64489	27178.8004	15844.444	7
922	1	27525.09384	15864.38765	27735.01722	16054.77026	7
923	1	28785.09384	15836.93499	28862.12272	16062.35133	7
924	1	28862.12272	15836.93499	28989.97189	16062.35133	7
925	1	28989.97189	15836.93499	29409.97628	16062.35133	7
926	1	29409.97628	15836.93499	29603.29324	16062.35133	7
927	0	28989.97189	16062.35133	29409.97628	16478.40923	7
928	1	29537.6364	14805.01609	29824.84993	15012.4398	7
929	1	28796.67767	14805.01609	29537.6364	15012.4398	7
930	1	29603.29324	15836.93499	29824.85089	16062.35133	7
931	1	28155.09384	16054.77562	28542.35358	16477.00796	7
932	1	29409.97628	16062.35133	29824.85089	16485.01953	7
933	3	30572.71579	16427.39757	30622.71579	16485.01953	7
934	3	30522.71579	16427.39757	30572.71579	16485.01953	7
935	3	30463.51332	16427.39757	30522.71579	16485.01953	7
936	3	30622.71579	16427.39757	30675.09384	16485.01953	7
937	0	30885.09384	16485.01953	31095.09384	16704.51125	7
938	0	28542.35358	16477.00796	28785.09384	16894.45355	7
939	0	29415.05185	16704.51125	29576.64872	17056.11709	7
940	3	29525.21579	17056.11709	29576.64872	17114.82187	7
941	3	29473.99628	17056.11709	29525.21579	17114.82187	7
942	3	29415.05185	17056.11709	29473.99628	17114.82187	7
943	0	29576.64872	16704.51125	29835.21861	17114.82187	7
944	0	27944.9419	16477.00796	28542.35358	17151.30204	7
945	0	28995.09385	16894.45355	29415.05185	17244.53172	7
946	0	28542.35358	16894.45355	28995.09385	17244.53172	7
947	1	30675.09384	14805.01609	30885.09384	15016.02431	7
948	1	29824.84993	14805.01609	30675.09384	15016.02431	7
949	1	29537.6364	15012.4398	29824.84993	15381.89013	7
950	1	29603.29324	15381.89013	29824.84993	15434.01474	7
951	3	30036.47595	15016.02431	30463.46782	15434.01474	7
952	1	29824.84993	15434.01474	30675.09384	15613.03522	7
953	1	29603.29324	15434.01474	29824.84993	15613.03522	7
954	3	28143.80612	15225.0186	28576.48265	15645.01953	7
955	1	29603.29324	15613.03522	29824.85089	15836.93499	7
956	3	30035.86699	15613.03522	30463.51332	16064.51145	7
957	1	28785.09384	16062.35133	28989.97189	16478.40923	7
958	1	30675.09384	15016.02431	30885.09384	16485.01953	7
959	1	30675.09384	16485.01953	30885.09384	16704.51125	7
960	1	29824.85089	16485.01953	30675.09384	16704.51125	7
961	1	29415.05185	16485.01953	29824.85089	16704.51125	7
962	1	28785.09384	16477.00796	28989.97189	16704.51125	7
963	1	28989.97189	16478.40923	29415.05185	16704.51125	7
964	1	28785.09384	16704.51125	29415.05185	16894.45355	7
965	0	29945.33774	16704.51125	31095.09384	17324.20097	7
966	0	29835.21861	16704.51125	29945.33774	17324.20097	7
967	0	29415.05185	17114.82187	29835.21861	17324.20097	7
968	0	28542.35358	17244.53172	29415.05185	17324.20097	7
969	0	27304.63179	16477.00796	27944.9419	17324.20097	7
970	0	27944.9419	17151.30204	28542.35358	17324.20097	7
971	0	26884.84993	16477.00796	27304.63179	17324.20097	7
972	0	30885.09384	14805.01609	31095.09384	15225.01953	7
973	0	30885.09384	15225.01953	31095.09384	15612.03043	7
974	0	29824.85089	15613.03522	30035.86699	15842.51824	7
975	0	29824.85089	15842.51824	30035.86699	16064.51145	7
976	0	30885.09384	15612.03043	31095.09384	16065.01953	7
977	0	30463.51332	16064.51145	30675.09384	16281.81528	7
978	0	30463.51332	16281.81528	30675.09384	16427.39757	7
979	0	29824.85089	16064.51145	30035.86699	16485.01953	7
980	0	30035.86699	16064.51145	30463.51332	16485.01953	7
981	0	30885.09384	16065.01953	31095.09384	16485.01953	7
982	0	27945.09384	14374.33638	28155.09384	14805.01609	8
983	0	28155.09384	14374.33638	28575.09384	14805.01609	8
984	0	28575.09384	14374.33638	28785.09384	14805.01609	8
985	0	28785.09384	14374.33638	28995.09384	14805.01609	8
986	0	28995.09384	14374.33638	29205.09384	14805.01609	8
987	0	29205.09384	14374.33638	29415.09384	14805.01609	8
988	0	29415.09384	14374.33638	29625.09384	14805.01609	8
989	0	29625.09384	14374.33638	29835.09384	14805.01609	8
990	0	29835.09384	14374.33638	30045.09384	14805.01609	8
991	0	30045.09384	14374.33638	30255.09384	14805.01609	8
992	0	30255.09384	14374.33638	31095.09384	14805.01609	8
993	0	26884.84993	14374.33638	27304.84993	15015.0013	8
994	0	26884.84993	15015.0013	27178.8004	15225.01953	8
995	0	29824.84993	15016.02431	30036.47595	15225.01953	8
996	0	30463.46782	15016.02431	30675.09384	15434.01474	8
997	0	29824.84993	15225.01953	30036.47595	15434.01474	8
998	0	26884.84993	15225.01953	27178.8004	15435.26343	8
999	0	27304.63179	15214.77562	27735.01722	15565.68954	8
1000	0	27365.48708	15565.68954	27520.22353	15632.21465	8
1001	0	26884.84993	15435.26343	27178.8004	15644.64489	8
1002	0	26884.84993	15644.64489	26952.47189	15691.40016	8
1003	0	27520.22353	15565.68954	27735.01722	15715.44635	8
1004	0	27469.68015	15632.21465	27520.22353	15715.44635	8
1005	0	27418.29921	15632.21465	27469.68015	15715.44635	8
1006	0	27365.48708	15632.21465	27418.29921	15715.44635	8
1007	0	26952.47189	15644.64489	27128.8004	15741.84097	8
1008	0	26884.84993	15691.40016	26952.47189	15741.84097	8
1009	0	29285.06142	15012.4398	29402.52741	15773.57448	8
1010	0	28997.80099	15012.4398	29115.13323	15775.18174	8
1011	0	26884.84993	15741.84097	26952.47189	15791.90977	8
1012	0	29402.52741	15012.4398	29537.6364	15797.11816	8
1013	0	27469.32397	15715.44635	27520.22353	15798.67806	8
1014	0	27418.31331	15715.44635	27469.68015	15798.67806	8
1015	0	27365.48708	15715.44635	27418.31331	15798.67806	8
1016	0	28354.84993	15645.01953	28576.48265	15807.64148	8
1017	1	28576.48265	15012.4398	28796.67767	15836.93499	8
1018	1	28796.67767	15470.87318	28847.56625	15836.93499	8
1019	3	29285.06142	15773.57448	29402.52741	15836.93499	8
1020	3	28997.80099	15775.03683	29115.13323	15836.93499	8
1021	0	28862.12272	15012.4398	28997.80099	15836.93499	8
1022	0	29115.13323	15012.4398	29285.06142	15836.93499	8
1023	0	26952.47189	15741.84097	27128.8004	15844.444	8
1024	0	26884.92697	15791.90977	26952.47189	15844.444	8
1025	1	27735.01722	15015.0013	28143.80612	15864.38765	8
1026	0	27637.43575	15715.44635	27735.01722	15864.38765	8
1027	0	27365.48708	15798.67806	27520.22353	15864.38765	8
1028	0	27520.22353	15715.44635	27637.43575	15864.38765	8
1029	0	27304.63179	15565.68954	27365.48708	15864.38765	8
1030	1	28576.48265	15836.93499	28785.09384	15866.00762	8
1031	3	28522.71579	15807.64148	28576.48265	15866.00762	8
1032	3	28472.71579	15807.64148	28522.71579	15866.00762	8
1033	3	28422.71579	15807.64148	28472.71579	15866.00762	8
1034	3	28354.84993	15807.64148	28422.71579	15866.00762	8
1035	0	28522.71579	15807.64148	28576.48265	15866.00762	8
1036	0	28472.71579	15807.64148	28522.71579	15866.00762	8
1037	0	28422.71579	15807.64148	28472.71579	15866.00762	8
1038	0	28354.84993	15807.64148	28422.71579	15866.00762	8
1039	0	28143.80612	15645.01953	28354.84993	15866.00762	8
1040	3	27409.69929	15864.38765	27525.09384	15958.73001	8
1041	1	27178.8004	15844.444	27304.63179	16054.77026	8
1042	1	27735.01722	15864.38765	28143.80612	16054.77026	8
1043	1	28143.80612	15866.00762	28155.09384	16054.77026	8
1044	1	28155.09384	15866.00762	28542.35358	16054.77026	8
1045	1	28542.35358	15866.00762	28576.48265	16054.77562	8
1046	1	28576.48265	15866.00762	28785.09384	16054.77562	8
1047	3	27409.69929	15958.73001	27525.09384	16054.77562	8
1048	0	27304.63179	15864.38765	27409.69929	16054.77562	8
1049	0	26884.84993	15844.444	27178.8004	16054.77562	8
1050	0	30463.51332	15613.03522	30675.09384	16064.51145	8
1051	2	27304.63179	16054.77026	27724.84993	16477.00796	8
1052	0	27304.84993	14374.33638	27735.01722	14805.01609	8
1053	0	27735.01722	14374.33638	27945.09384	14805.01609	8
1054	0	28542.35358	16054.77562	28785.09384	16477.00796	8
1055	0	27945.09384	16054.77026	28155.09384	16477.00796	8
1056	0	27724.84993	16054.77026	27944.9419	16477.00796	8
1057	0	26884.84993	16054.77562	27304.63179	16477.00796	8
1058	1	28576.48265	14805.01609	28796.67767	15012.4398	8
1059	1	28143.80612	14805.01609	28576.48265	15013.76935	8
1060	1	27940.23398	14805.01609	28143.80612	15015.0013	8
1061	0	27304.84993	14805.01609	27735.01722	15015.0013	8
1062	0	27735.01722	14805.01609	27940.23398	15015.0013	8
1063	1	27304.84993	15015.0013	27735.01722	15214.77562	8
1064	1	27178.8004	15015.0013	27304.63179	15214.77562	8
1065	0	28365.09384	15013.76935	28576.48265	15225.0186	8
1066	0	28143.80612	15013.76935	28365.09384	15225.0186	8
1067	2	28796.67767	15012.4398	28862.12272	15470.87318	8
1068	1	27178.8004	15214.77562	27304.63179	15644.64489	8
1069	2	29537.6364	15381.89013	29603.29324	15836.93499	8
1070	1	27178.8004	15644.64489	27304.63179	15844.444	8
1071	1	27128.8004	15644.64489	27178.8004	15844.444	8
1072	1	27525.09384	15864.38765	27735.01722	16054.77026	8
1073	1	28785.09384	15836.93499	28862.12272	16062.35133	8
1074	1	28862.12272	15836.93499	28989.97189	16062.35133	8
1075	1	28989.97189	15836.93499	29409.97628	16062.35133	8
1076	1	29409.97628	15836.93499	29603.29324	16062.35133	8
1077	0	28989.97189	16062.35133	29409.97628	16478.40923	8
1078	1	29537.6364	14805.01609	29824.84993	15012.4398	8
1079	1	28796.67767	14805.01609	29537.6364	15012.4398	8
1080	1	29603.29324	15836.93499	29824.85089	16062.35133	8
1081	1	28155.09384	16054.77562	28542.35358	16477.00796	8
1082	1	29409.97628	16062.35133	29824.85089	16485.01953	8
1083	3	30572.71579	16427.39757	30622.71579	16485.01953	8
1084	3	30522.71579	16427.39757	30572.71579	16485.01953	8
1085	3	30463.51332	16427.39757	30522.71579	16485.01953	8
1086	3	30622.71579	16427.39757	30675.09384	16485.01953	8
1087	0	30885.09384	16485.01953	31095.09384	16704.51125	8
1088	0	28542.35358	16477.00796	28785.09384	16894.45355	8
1089	0	29415.05185	16704.51125	29576.64872	17056.11709	8
1090	3	29525.21579	17056.11709	29576.64872	17114.82187	8
1091	3	29473.99628	17056.11709	29525.21579	17114.82187	8
1092	3	29415.05185	17056.11709	29473.99628	17114.82187	8
1093	0	29576.64872	16704.51125	29835.21861	17114.82187	8
1094	0	27944.9419	16477.00796	28542.35358	17151.30204	8
1095	0	28995.09385	16894.45355	29415.05185	17244.53172	8
1096	0	28542.35358	16894.45355	28995.09385	17244.53172	8
1097	1	30675.09384	14805.01609	30885.09384	15016.02431	8
1098	1	29824.84993	14805.01609	30675.09384	15016.02431	8
1099	1	29537.6364	15012.4398	29824.84993	15381.89013	8
1100	1	29603.29324	15381.89013	29824.84993	15434.01474	8
1101	3	30036.47595	15016.02431	30463.46782	15434.01474	8
1102	1	29824.84993	15434.01474	30675.09384	15613.03522	8
1103	1	29603.29324	15434.01474	29824.84993	15613.03522	8
1104	3	28143.80612	15225.0186	28576.48265	15645.01953	8
1105	1	29603.29324	15613.03522	29824.85089	15836.93499	8
1106	3	30035.86699	15613.03522	30463.51332	16064.51145	8
1107	1	28785.09384	16062.35133	28989.97189	16478.40923	8
1108	1	30675.09384	15016.02431	30885.09384	16485.01953	8
1109	1	30675.09384	16485.01953	30885.09384	16704.51125	8
1110	1	29824.85089	16485.01953	30675.09384	16704.51125	8
1111	1	29415.05185	16485.01953	29824.85089	16704.51125	8
1112	1	28785.09384	16477.00796	28989.97189	16704.51125	8
1113	1	28989.97189	16478.40923	29415.05185	16704.51125	8
1114	1	28785.09384	16704.51125	29415.05185	16894.45355	8
1115	0	29945.33774	16704.51125	31095.09384	17324.20097	8
1116	0	29835.21861	16704.51125	29945.33774	17324.20097	8
1117	0	29415.05185	17114.82187	29835.21861	17324.20097	8
1118	0	28542.35358	17244.53172	29415.05185	17324.20097	8
1119	0	27304.63179	16477.00796	27944.9419	17324.20097	8
1120	0	27944.9419	17151.30204	28542.35358	17324.20097	8
1121	0	26884.84993	16477.00796	27304.63179	17324.20097	8
1122	0	30885.09384	14805.01609	31095.09384	15225.01953	8
1123	0	30885.09384	15225.01953	31095.09384	15612.03043	8
1124	0	29824.85089	15613.03522	30035.86699	15842.51824	8
1125	0	29824.85089	15842.51824	30035.86699	16064.51145	8
1126	0	30885.09384	15612.03043	31095.09384	16065.01953	8
1127	0	30463.51332	16064.51145	30675.09384	16281.81528	8
1128	0	30463.51332	16281.81528	30675.09384	16427.39757	8
1129	0	29824.85089	16064.51145	30035.86699	16485.01953	8
1130	0	30035.86699	16064.51145	30463.51332	16485.01953	8
1131	0	30885.09384	16065.01953	31095.09384	16485.01953	8