1	0	28937.68146	14306.01927	0	29767.55951	14736.17031	10
1	1	28922.43755	14736.19517	0	29362.92536	14941.04836	10
1	2	29362.92536	14736.17031	0	29767.55951	14941.04836	10
1	3	28517.93146	14736.19517	0	28922.43755	14941.04836	10
1	4	27887.82941	14736.19517	0	28087.51373	14945.98518	10
1	5	28087.51373	14736.17031	0	28517.83408	14945.98518	10
1	6	27677.56528	14736.19517	0	27887.82941	14946.13926	10
1	7	29767.55951	14946.17031	0	29977.99661	15156.17031	10
1	8	28307.81889	14945.98518	0	28517.83408	15156.17031	10
1	9	28087.51373	14945.98518	0	28307.81889	15156.17031	10
1	10	30407.80341	14946.17031	0	30617.80341	15156.43297	10
1	11	29362.92536	14941.04836	0	29762.43755	15263.04091	10
1	12	28307.81889	15156.17031	0	28517.83408	15349.55387	10
1	13	29767.55951	15156.17031	0	29977.99661	15366.17031	10
1	14	28522.95249	14941.04836	0	28839.38724	15452.02397	10
1	15	28307.81889	15349.55387	0	28517.83408	15576.11005	10
1	16	28087.51373	15156.17031	0	28307.81889	15576.11005	10
1	17	29767.55951	15366.17031	0	29977.99661	15576.17031	10
1	18	30407.80341	15156.43297	0	30617.80341	15576.43297	10
1	19	27463.49048	15496.45832	0	27677.56528	15646.40713	10
1	20	27412.20641	15563.36543	0	27463.49048	15646.40713	10
1	21	27360.9869	15563.36543	0	27412.20641	15646.40713	10
1	22	28922.43755	14941.04836	0	29362.92536	15702.00065	10
1	23	27412.20641	15646.40713	0	27463.49048	15727.31127	10
1	24	27360.9869	15646.40713	0	27412.20641	15727.31127	10
1	25	27312.32836	15646.40713	0	27360.9869	15727.31127	10
1	26	28087.51373	15576.11005	0	28307.81889	15736.29226	10
1	27	29446.00281	15263.04091	0	29767.55951	15768.18067	10
1	28	29223.47676	15703.51086	0	29362.92536	15770.64675	10
1	29	29061.91329	15703.51086	0	29223.47676	15770.64675	10
1	30	28922.43755	15703.51086	0	29061.91329	15770.64675	10
1	31	27312.32836	15727.31127	0	27463.49048	15795.47344	10
1	32	27463.49048	15646.40713	0	27581.62322	15795.47344	10
1	33	27581.62322	15646.40713	0	27677.56528	15795.47344	10
1	34	29767.55951	15576.17031	0	29977.99661	15796.41421	10
1	35	27677.56528	14946.13926	0	28087.51373	15796.47447	10
1	36	28255.42536	15736.29226	0	28307.81889	15796.47447	10
1	37	28205.42536	15736.29226	0	28255.42536	15796.47447	10
1	38	28155.42536	15736.29226	0	28205.42536	15796.47447	10
1	39	28087.51373	15736.29226	0	28155.42536	15796.47447	10
1	40	28307.81889	15576.11005	0	28517.83408	15796.47447	10
1	41	27347.43755	15795.47344	0	27463.49048	15891.17031	10
1	42	27347.43755	15891.17031	0	27464.69464	15985.81	10
1	43	28087.43146	15796.47447	0	28517.54354	15985.9264	10
1	44	27677.56528	15796.47447	0	28087.43146	15985.9264	10
1	45	27463.49048	15795.47344	0	27677.56528	15985.9264	10
1	46	28517.54354	15770.64675	0	28922.43755	15996.17031	10
1	47	28727.80341	14306.01927	0	28937.68146	14526.17031	10
1	48	28727.80341	14526.17031	0	28937.68146	14736.19517	10
1	49	28517.93146	14305.9264	0	28727.80341	14736.19517	10
1	50	28097.93146	14305.9264	0	28517.93146	14736.19517	10
1	51	27258.0044	14946.13926	0	27677.56528	15156.42016	10
1	52	27258.0044	15156.42016	0	27677.56528	15496.45832	10
1	53	27312.32836	15563.36543	0	27360.9869	15646.40713	10
1	54	27258.0044	15795.47344	0	27347.43755	15985.81	10
1	55	28922.43755	15770.64675	0	29362.92536	15996.17031	10
1	56	29362.92536	15770.64675	0	29767.55951	15996.17031	10
1	57	30407.80341	15576.43297	0	30617.80341	15996.17031	10
1	58	29977.99661	14946.17031	0	30407.80341	15996.17031	10
1	59	29767.55951	15796.41421	0	29977.99661	15996.17031	10
1	60	29767.55951	15996.17031	0	30617.80341	16216.23639	10
1	61	30617.80341	15996.17031	0	30827.80341	16216.23639	10
1	62	30407.11473	16216.23639	0	30617.80341	16358.54836	10
1	63	29362.92536	15996.17031	0	29767.55951	16405.38913	10
1	64	28922.43755	15996.17031	0	29362.92536	16405.38913	10
1	65	28517.54354	15996.17031	0	28922.43755	16405.38913	10
1	66	27258.0044	15985.9264	0	27667.43146	16405.38913	10
1	67	28307.80341	15985.9264	0	28517.54354	16405.38913	10
1	68	28087.43146	15985.9264	0	28307.80341	16405.38913	10
1	69	27887.80341	15985.9264	0	28087.43146	16405.38913	10
1	70	27667.43146	15985.9264	0	27887.80341	16405.38913	10
1	71	30565.42536	16358.54836	0	30617.80341	16417.0902	10
1	72	30515.42536	16358.54836	0	30565.42536	16417.0902	10
1	73	30465.42536	16358.54836	0	30515.42536	16417.0902	10
1	74	30407.11473	16358.54836	0	30465.42536	16417.0902	10
1	75	30187.55951	16216.23639	0	30407.11473	16417.0902	10
1	76	29767.29469	16216.23639	0	30187.55951	16417.0902	10
1	77	30617.80341	16216.23639	0	30827.80341	16418.3106	10
1	78	28517.54354	16405.38913	0	28937.80592	16536.94953	10
1	79	28517.54354	16536.94953	0	28937.80592	16636.13726	10
1	80	28937.80592	16405.38913	0	29768.81425	16636.25207	10
1	81	29767.39937	16417.0902	0	30187.55951	16636.25207	10
1	82	30187.51615	16417.0902	0	30407.11473	16636.25207	10
1	83	30407.11473	16417.0902	0	30607.55951	16636.41421	10
1	84	30607.55951	16417.0902	0	30827.80341	16636.41421	10
1	85	27483.60568	16405.38913	0	27958.96668	16651.22172	10
1	86	26827.5	16405.38913	0	27483.60568	16651.22172	10
1	87	26827.5	16651.22172	0	27483.60568	16723.61172	10
1	88	27483.60568	16651.22172	0	27958.96668	16723.61172	10
1	89	28993.61128	16636.25207	0	29359.80896	16755.97305	10
1	90	30407.80341	16636.41421	0	30607.55951	16836.17031	10
1	91	28993.61128	16755.97305	0	29357.70954	16846.12287	10
1	92	27483.60568	16723.61172	0	27958.96668	16935.75214	10
1	93	26827.5	16723.61172	0	27483.60568	16935.75214	10
1	94	28839.38724	14941.04836	0	28922.43755	15452.02397	10
1	95	27312.32836	15496.45832	0	27463.49048	15563.36543	10
1	96	28522.95249	15452.02397	0	28922.43755	15768.18067	10
1	97	29357.70954	16755.97305	0	29518.26364	16984.70689	10
1	98	26827.5	16935.75214	0	27483.60568	17008.14214	10
1	99	27483.60568	16935.75214	0	27958.96668	17008.14214	10
1	100	29468.18255	16984.70689	0	29518.26364	17045.67566	10
1	101	29416.56012	16984.70689	0	29468.18255	17045.67566	10
1	102	29357.70953	16984.70689	0	29416.56012	17045.67566	10
1	103	29518.26364	16636.25207	0	29801.06893	17045.67566	10
1	104	29801.06893	16636.25207	0	30187.51615	17106.17713	10
1	105	28993.61128	16846.12287	0	29226.5664	17255.77393	10
1	106	29226.5664	16846.12287	0	29357.70954	17255.77393	10
1	107	29357.70954	17045.67566	0	29801.06893	17255.77393	10
1	108	28517.54354	16636.25207	0	28993.61128	17255.77393	10
1	109	27958.96668	16405.38913	0	28517.54354	17255.77393	10
1	110	27483.60568	17008.14214	0	27958.96668	17255.77393	10
1	111	26827.5	17008.14214	0	27483.60568	17255.77393	10
1	112	29767.55951	14306.13559	0	29987.86664	14526.17031	10
1	113	29767.55951	14526.17031	0	29987.86664	14736.17031	10
1	114	29987.86664	14306.13559	0	30197.80341	14736.17031	10
1	115	30197.80341	14306.13559	0	30407.80341	14736.17031	10
1	116	30407.80341	14306.13559	0	30617.80341	14736.17031	10
1	117	30617.80341	14306.13559	0	31037.80341	14736.17031	10
1	118	27887.82941	14305.9264	0	28097.93146	14736.19517	10
1	119	27677.56528	14305.9264	0	27887.82941	14736.19517	10
1	120	26827.5603	14305.9264	0	27677.56528	14946.13926	10
1	121	29767.55951	14736.17031	0	30617.80341	14946.17031	10
1	122	30617.80341	14736.17031	0	30827.80341	14946.17031	10
1	123	30827.80341	14736.17031	0	31037.80341	15156.17031	10
1	124	30827.80341	15156.17031	0	31037.80341	15576.17031	10
1	125	29362.92536	15263.04091	0	29446.00281	15770.64675	10
1	126	30617.80341	14946.17031	0	30827.80341	15996.17031	10
1	127	30827.80341	15576.17031	0	31037.80341	15996.17031	10
1	128	30827.80341	15996.17031	0	31037.80341	16416.17031	10
1	129	30827.80341	16416.17031	0	31037.80341	16836.17031	10
1	130	30607.55951	16636.41421	0	30827.80341	16836.17031	10
1	131	30187.51615	16636.41421	0	30407.80341	16836.17031	10
1	132	30187.51615	16836.17031	0	31037.80341	17256.20098	10
1	133	28937.68146	14306.01927	2500	29767.55951	14736.17031	2510
1	134	28922.43755	14736.19517	2500	29362.92536	14941.04836	2510
1	135	29362.92536	14736.17031	2500	29767.55951	14941.04836	2510
1	136	28517.93146	14736.19517	2500	28922.43755	14941.04836	2510
1	137	27887.82941	14736.19517	2500	28087.51373	14945.98518	2510
1	138	28087.51373	14736.17031	2500	28517.83408	14945.98518	2510
1	139	27677.56528	14736.19517	2500	27887.82941	14946.13926	2510
1	140	29767.55951	14946.17031	2500	29977.99661	15156.17031	2510
1	141	28307.81889	14945.98518	2500	28517.83408	15156.17031	2510
1	142	28087.51373	14945.98518	2500	28307.81889	15156.17031	2510
1	143	30407.80341	14946.17031	2500	30617.80341	15156.43297	2510
1	144	29362.92536	14941.04836	2500	29762.43755	15263.04091	2510
1	145	28307.81889	15156.17031	2500	28517.83408	15349.55387	2510
1	146	29767.55951	15156.17031	2500	29977.99661	15366.17031	2510
1	147	28522.95249	14941.04836	2500	28839.38724	15452.02397	2510
1	148	28307.81889	15349.55387	2500	28517.83408	15576.11005	2510
1	149	28087.51373	15156.17031	2500	28307.81889	15576.11005	2510
1	150	29767.55951	15366.17031	2500	29977.99661	15576.17031	2510
1	151	30407.80341	15156.43297	2500	30617.80341	15576.43297	2510
1	152	27463.49048	15496.45832	2500	27677.56528	15646.40713	2510
1	153	27412.20641	15563.36543	2500	27463.49048	15646.40713	2510
1	154	27360.9869	15563.36543	2500	27412.20641	15646.40713	2510
1	155	28922.43755	14941.04836	2500	29362.92536	15702.00065	2510
1	156	27412.20641	15646.40713	2500	27463.49048	15727.31127	2510
1	157	27360.9869	15646.40713	2500	27412.20641	15727.31127	2510
1	158	27312.32836	15646.40713	2500	27360.9869	15727.31127	2510
1	159	28087.51373	15576.11005	2500	28307.81889	15736.29226	2510
1	160	29446.00281	15263.04091	2500	29767.55951	15768.18067	2510
1	161	29223.47676	15703.51086	2500	29362.92536	15770.64675	2510
1	162	29061.91329	15703.51086	2500	29223.47676	15770.64675	2510
1	163	28922.43755	15703.51086	2500	29061.91329	15770.64675	2510
1	164	27312.32836	15727.31127	2500	27463.49048	15795.47344	2510
1	165	27463.49048	15646.40713	2500	27581.62322	15795.47344	2510
1	166	27581.62322	15646.40713	2500	27677.56528	15795.47344	2510
1	167	29767.55951	15576.17031	2500	29977.99661	15796.41421	2510
1	168	27677.56528	14946.13926	2500	28087.51373	15796.47447	2510
1	169	28255.42536	15736.29226	2500	28307.81889	15796.47447	2510
1	170	28205.42536	15736.29226	2500	28255.42536	15796.47447	2510
1	171	28155.42536	15736.29226	2500	28205.42536	15796.47447	2510
1	172	28087.51373	15736.29226	2500	28155.42536	15796.47447	2510
1	173	28307.81889	15576.11005	2500	28517.83408	15796.47447	2510
1	174	27347.43755	15795.47344	2500	27463.49048	15891.17031	2510
1	175	27347.43755	15891.17031	2500	27464.69464	15985.81	2510
1	176	28087.43146	15796.47447	2500	28517.54354	15985.9264	2510
1	177	27677.56528	15796.47447	2500	28087.43146	15985.9264	2510
1	178	27463.49048	15795.47344	2500	27677.56528	15985.9264	2510
1	179	28517.54354	15770.64675	2500	28922.43755	15996.17031	2510
1	180	28727.80341	14306.01927	2500	28937.68146	14526.17031	2510
1	181	28727.80341	14526.17031	2500	28937.68146	14736.19517	2510
1	182	28517.93146	14305.9264	2500	28727.80341	14736.19517	2510
1	183	28097.93146	14305.9264	2500	28517.93146	14736.19517	2510
1	184	27258.0044	14946.13926	2500	27677.56528	15156.42016	2510
1	185	27258.0044	15156.42016	2500	27677.56528	15496.45832	2510
1	186	27312.32836	15563.36543	2500	27360.9869	15646.40713	2510
1	187	27258.0044	15795.47344	2500	27347.43755	15985.81	2510
1	188	28922.43755	15770.64675	2500	29362.92536	15996.17031	2510
1	189	29362.92536	15770.64675	2500	29767.55951	15996.17031	2510
1	190	30407.80341	15576.43297	2500	30617.80341	15996.17031	2510
1	191	29977.99661	14946.17031	2500	30407.80341	15996.17031	2510
1	192	29767.55951	15796.41421	2500	29977.99661	15996.17031	2510
1	193	29767.55951	15996.17031	2500	30617.80341	16216.23639	2510
1	194	30617.80341	15996.17031	2500	30827.80341	16216.23639	2510
1	195	30407.11473	16216.23639	2500	30617.80341	16358.54836	2510
1	196	29362.92536	15996.17031	2500	29767.55951	16405.38913	2510
1	197	28922.43755	15996.17031	2500	29362.92536	16405.38913	2510
1	198	28517.54354	15996.17031	2500	28922.43755	16405.38913	2510
1	199	27258.0044	15985.9264	2500	27667.43146	16405.38913	2510
1	200	28307.80341	15985.9264	2500	28517.54354	16405.38913	2510
1	201	28087.43146	15985.9264	2500	28307.80341	16405.38913	2510
1	202	27887.80341	15985.9264	2500	28087.43146	16405.38913	2510
1	203	27667.43146	15985.9264	2500	27887.80341	16405.38913	2510
1	204	30565.42536	16358.54836	2500	30617.80341	16417.0902	2510
1	205	30515.42536	16358.54836	2500	30565.42536	16417.0902	2510
1	206	30465.42536	16358.54836	2500	30515.42536	16417.0902	2510
1	207	30407.11473	16358.54836	2500	30465.42536	16417.0902	2510
1	208	30187.55951	16216.23639	2500	30407.11473	16417.0902	2510
1	209	29767.29469	16216.23639	2500	30187.55951	16417.0902	2510
1	210	30617.80341	16216.23639	2500	30827.80341	16418.3106	2510
1	211	28517.54354	16405.38913	2500	28937.80592	16536.94953	2510
1	212	28517.54354	16536.94953	2500	28937.80592	16636.13726	2510
1	213	28937.80592	16405.38913	2500	29768.81425	16636.25207	2510
1	214	29767.39937	16417.0902	2500	30187.55951	16636.25207	2510
1	215	30187.51615	16417.0902	2500	30407.11473	16636.25207	2510
1	216	30407.11473	16417.0902	2500	30607.55951	16636.41421	2510
1	217	30607.55951	16417.0902	2500	30827.80341	16636.41421	2510
1	218	27483.60568	16405.38913	2500	27958.96668	16651.22172	2510
1	219	26827.5	16405.38913	2500	27483.60568	16651.22172	2510
1	220	26827.5	16651.22172	2500	27483.60568	16723.61172	2510
1	221	27483.60568	16651.22172	2500	27958.96668	16723.61172	2510
1	222	28993.61128	16636.25207	2500	29359.80896	16755.97305	2510
1	223	30407.80341	16636.41421	2500	30607.55951	16836.17031	2510
1	224	28993.61128	16755.97305	2500	29357.70954	16846.12287	2510
1	225	27483.60568	16723.61172	2500	27958.96668	16935.75214	2510
1	226	26827.5	16723.61172	2500	27483.60568	16935.75214	2510
1	227	28839.38724	14941.04836	2500	28922.43755	15452.02397	2510
1	228	27312.32836	15496.45832	2500	27463.49048	15563.36543	2510
1	229	28522.95249	15452.02397	2500	28922.43755	15768.18067	2510
1	230	29357.70954	16755.97305	2500	29518.26364	16984.70689	2510
1	231	26827.5	16935.75214	2500	27483.60568	17008.14214	2510
1	232	27483.60568	16935.75214	2500	27958.96668	17008.14214	2510
1	233	29468.18255	16984.70689	2500	29518.26364	17045.67566	2510
1	234	29416.56012	16984.70689	2500	29468.18255	17045.67566	2510
1	235	29357.70953	16984.70689	2500	29416.56012	17045.67566	2510
1	236	29518.26364	16636.25207	2500	29801.06893	17045.67566	2510
1	237	29801.06893	16636.25207	2500	30187.51615	17106.17713	2510
1	238	28993.61128	16846.12287	2500	29226.5664	17255.77393	2510
1	239	29226.5664	16846.12287	2500	29357.70954	17255.77393	2510
1	240	29357.70954	17045.67566	2500	29801.06893	17255.77393	2510
1	241	28517.54354	16636.25207	2500	28993.61128	17255.77393	2510
1	242	27958.96668	16405.38913	2500	28517.54354	17255.77393	2510
1	243	27483.60568	17008.14214	2500	27958.96668	17255.77393	2510
1	244	26827.5	17008.14214	2500	27483.60568	17255.77393	2510
1	245	29767.55951	14306.13559	2500	29987.86664	14526.17031	2510
1	246	29767.55951	14526.17031	2500	29987.86664	14736.17031	2510
1	247	29987.86664	14306.13559	2500	30197.80341	14736.17031	2510
1	248	30197.80341	14306.13559	2500	30407.80341	14736.17031	2510
1	249	30407.80341	14306.13559	2500	30617.80341	14736.17031	2510
1	250	30617.80341	14306.13559	2500	31037.80341	14736.17031	2510
1	251	27887.82941	14305.9264	2500	28097.93146	14736.19517	2510
1	252	27677.56528	14305.9264	2500	27887.82941	14736.19517	2510
1	253	26827.5603	14305.9264	2500	27677.56528	14946.13926	2510
1	254	29767.55951	14736.17031	2500	30617.80341	14946.17031	2510
1	255	30617.80341	14736.17031	2500	30827.80341	14946.17031	2510
1	256	30827.80341	14736.17031	2500	31037.80341	15156.17031	2510
1	257	30827.80341	15156.17031	2500	31037.80341	15576.17031	2510
1	258	29362.92536	15263.04091	2500	29446.00281	15770.64675	2510
1	259	30617.80341	14946.17031	2500	30827.80341	15996.17031	2510
1	260	30827.80341	15576.17031	2500	31037.80341	15996.17031	2510
1	261	30827.80341	15996.17031	2500	31037.80341	16416.17031	2510
1	262	30827.80341	16416.17031	2500	31037.80341	16836.17031	2510
1	263	30607.55951	16636.41421	2500	30827.80341	16836.17031	2510
1	264	30187.51615	16636.41421	2500	30407.80341	16836.17031	2510
1	265	30187.51615	16836.17031	2500	31037.80341	17256.20098	2510
1	266	28937.68146	14306.01927	5000	29767.55951	14736.17031	5010
1	267	28922.43755	14736.19517	5000	29362.92536	14941.04836	5010
1	268	29362.92536	14736.17031	5000	29767.55951	14941.04836	5010
1	269	28517.93146	14736.19517	5000	28922.43755	14941.04836	5010
1	270	27887.82941	14736.19517	5000	28087.51373	14945.98518	5010
1	271	28087.51373	14736.17031	5000	28517.83408	14945.98518	5010
1	272	27677.56528	14736.19517	5000	27887.82941	14946.13926	5010
1	273	29767.55951	14946.17031	5000	29977.99661	15156.17031	5010
1	274	28307.81889	14945.98518	5000	28517.83408	15156.17031	5010
1	275	28087.51373	14945.98518	5000	28307.81889	15156.17031	5010
1	276	30407.80341	14946.17031	5000	30617.80341	15156.43297	5010
1	277	29362.92536	14941.04836	5000	29762.43755	15263.04091	5010
1	278	28307.81889	15156.17031	5000	28517.83408	15349.55387	5010
1	279	29767.55951	15156.17031	5000	29977.99661	15366.17031	5010
1	280	28522.95249	14941.04836	5000	28839.38724	15452.02397	5010
1	281	28307.81889	15349.55387	5000	28517.83408	15576.11005	5010
1	282	28087.51373	15156.17031	5000	28307.81889	15576.11005	5010
1	283	29767.55951	15366.17031	5000	29977.99661	15576.17031	5010
1	284	30407.80341	15156.43297	5000	30617.80341	15576.43297	5010
1	285	27463.49048	15496.45832	5000	27677.56528	15646.40713	5010
1	286	27412.20641	15563.36543	5000	27463.49048	15646.40713	5010
1	287	27360.9869	15563.36543	5000	27412.20641	15646.40713	5010
1	288	28922.43755	14941.04836	5000	29362.92536	15702.00065	5010
1	289	27412.20641	15646.40713	5000	27463.49048	15727.31127	5010
1	290	27360.9869	15646.40713	5000	27412.20641	15727.31127	5010
1	291	27312.32836	15646.40713	5000	27360.9869	15727.31127	5010
1	292	28087.51373	15576.11005	5000	28307.81889	15736.29226	5010
1	293	29446.00281	15263.04091	5000	29767.55951	15768.18067	5010
1	294	29223.47676	15703.51086	5000	29362.92536	15770.64675	5010
1	295	29061.91329	15703.51086	5000	29223.47676	15770.64675	5010
1	296	28922.43755	15703.51086	5000	29061.91329	15770.64675	5010
1	297	27312.32836	15727.31127	5000	27463.49048	15795.47344	5010
1	298	27463.49048	15646.40713	5000	27581.62322	15795.47344	5010
1	299	27581.62322	15646.40713	5000	27677.56528	15795.47344	5010
1	300	29767.55951	15576.17031	5000	29977.99661	15796.41421	5010
1	301	27677.56528	14946.13926	5000	28087.51373	15796.47447	5010
1	302	28255.42536	15736.29226	5000	28307.81889	15796.47447	5010
1	303	28205.42536	15736.29226	5000	28255.42536	15796.47447	5010
1	304	28155.42536	15736.29226	5000	28205.42536	15796.47447	5010
1	305	28087.51373	15736.29226	5000	28155.42536	15796.47447	5010
1	306	28307.81889	15576.11005	5000	28517.83408	15796.47447	5010
1	307	27347.43755	15795.47344	5000	27463.49048	15891.17031	5010
1	308	27347.43755	15891.17031	5000	27464.69464	15985.81	5010
1	309	28087.43146	15796.47447	5000	28517.54354	15985.9264	5010
1	310	27677.56528	15796.47447	5000	28087.43146	15985.9264	5010
1	311	27463.49048	15795.47344	5000	27677.56528	15985.9264	5010
1	312	28517.54354	15770.64675	5000	28922.43755	15996.17031	5010
1	313	28727.80341	14306.01927	5000	28937.68146	14526.17031	5010
1	314	28727.80341	14526.17031	5000	28937.68146	14736.19517	5010
1	315	28517.93146	14305.9264	5000	28727.80341	14736.19517	5010
1	316	28097.93146	14305.9264	5000	28517.93146	14736.19517	5010
1	317	27258.0044	14946.13926	5000	27677.56528	15156.42016	5010
1	318	27258.0044	15156.42016	5000	27677.56528	15496.45832	5010
1	319	27312.32836	15563.36543	5000	27360.9869	15646.40713	5010
1	320	27258.0044	15795.47344	5000	27347.43755	15985.81	5010
1	321	28922.43755	15770.64675	5000	29362.92536	15996.17031	5010
1	322	29362.92536	15770.64675	5000	29767.55951	15996.17031	5010
1	323	30407.80341	15576.43297	5000	30617.80341	15996.17031	5010
1	324	29977.99661	14946.17031	5000	30407.80341	15996.17031	5010
1	325	29767.55951	15796.41421	5000	29977.99661	15996.17031	5010
1	326	29767.55951	15996.17031	5000	30617.80341	16216.23639	5010
1	327	30617.80341	15996.17031	5000	30827.80341	16216.23639	5010
1	328	30407.11473	16216.23639	5000	30617.80341	16358.54836	5010
1	329	29362.92536	15996.17031	5000	29767.55951	16405.38913	5010
1	330	28922.43755	15996.17031	5000	29362.92536	16405.38913	5010
1	331	28517.54354	15996.17031	5000	28922.43755	16405.38913	5010
1	332	27258.0044	15985.9264	5000	27667.43146	16405.38913	5010
1	333	28307.80341	15985.9264	5000	28517.54354	16405.38913	5010
1	334	28087.43146	15985.9264	5000	28307.80341	16405.38913	5010
1	335	27887.80341	15985.9264	5000	28087.43146	16405.38913	5010
1	336	27667.43146	15985.9264	5000	27887.80341	16405.38913	5010
1	337	30565.42536	16358.54836	5000	30617.80341	16417.0902	5010
1	338	30515.42536	16358.54836	5000	30565.42536	16417.0902	5010
1	339	30465.42536	16358.54836	5000	30515.42536	16417.0902	5010
1	340	30407.11473	16358.54836	5000	30465.42536	16417.0902	5010
1	341	30187.55951	16216.23639	5000	30407.11473	16417.0902	5010
1	342	29767.29469	16216.23639	5000	30187.55951	16417.0902	5010
1	343	30617.80341	16216.23639	5000	30827.80341	16418.3106	5010
1	344	28517.54354	16405.38913	5000	28937.80592	16536.94953	5010
1	345	28517.54354	16536.94953	5000	28937.80592	16636.13726	5010
1	346	28937.80592	16405.38913	5000	29768.81425	16636.25207	5010
1	347	29767.39937	16417.0902	5000	30187.55951	16636.25207	5010
1	348	30187.51615	16417.0902	5000	30407.11473	16636.25207	5010
1	349	30407.11473	16417.0902	5000	30607.55951	16636.41421	5010
1	350	30607.55951	16417.0902	5000	30827.80341	16636.41421	5010
1	351	27483.60568	16405.38913	5000	27958.96668	16651.22172	5010
1	352	26827.5	16405.38913	5000	27483.60568	16651.22172	5010
1	353	26827.5	16651.22172	5000	27483.60568	16723.61172	5010
1	354	27483.60568	16651.22172	5000	27958.96668	16723.61172	5010
1	355	28993.61128	16636.25207	5000	29359.80896	16755.97305	5010
1	356	30407.80341	16636.41421	5000	30607.55951	16836.17031	5010
1	357	28993.61128	16755.97305	5000	29357.70954	16846.12287	5010
1	358	27483.60568	16723.61172	5000	27958.96668	16935.75214	5010
1	359	26827.5	16723.61172	5000	27483.60568	16935.75214	5010
1	360	28839.38724	14941.04836	5000	28922.43755	15452.02397	5010
1	361	27312.32836	15496.45832	5000	27463.49048	15563.36543	5010
1	362	28522.95249	15452.02397	5000	28922.43755	15768.18067	5010
1	363	29357.70954	16755.97305	5000	29518.26364	16984.70689	5010
1	364	26827.5	16935.75214	5000	27483.60568	17008.14214	5010
1	365	27483.60568	16935.75214	5000	27958.96668	17008.14214	5010
1	366	29468.18255	16984.70689	5000	29518.26364	17045.67566	5010
1	367	29416.56012	16984.70689	5000	29468.18255	17045.67566	5010
1	368	29357.70953	16984.70689	5000	29416.56012	17045.67566	5010
1	369	29518.26364	16636.25207	5000	29801.06893	17045.67566	5010
1	370	29801.06893	16636.25207	5000	30187.51615	17106.17713	5010
1	371	28993.61128	16846.12287	5000	29226.5664	17255.77393	5010
1	372	29226.5664	16846.12287	5000	29357.70954	17255.77393	5010
1	373	29357.70954	17045.67566	5000	29801.06893	17255.77393	5010
1	374	28517.54354	16636.25207	5000	28993.61128	17255.77393	5010
1	375	27958.96668	16405.38913	5000	28517.54354	17255.77393	5010
1	376	27483.60568	17008.14214	5000	27958.96668	17255.77393	5010
1	377	26827.5	17008.14214	5000	27483.60568	17255.77393	5010
1	378	29767.55951	14306.13559	5000	29987.86664	14526.17031	5010
1	379	29767.55951	14526.17031	5000	29987.86664	14736.17031	5010
1	380	29987.86664	14306.13559	5000	30197.80341	14736.17031	5010
1	381	30197.80341	14306.13559	5000	30407.80341	14736.17031	5010
1	382	30407.80341	14306.13559	5000	30617.80341	14736.17031	5010
1	383	30617.80341	14306.13559	5000	31037.80341	14736.17031	5010
1	384	27887.82941	14305.9264	5000	28097.93146	14736.19517	5010
1	385	27677.56528	14305.9264	5000	27887.82941	14736.19517	5010
1	386	26827.5603	14305.9264	5000	27677.56528	14946.13926	5010
1	387	29767.55951	14736.17031	5000	30617.80341	14946.17031	5010
1	388	30617.80341	14736.17031	5000	30827.80341	14946.17031	5010
1	389	30827.80341	14736.17031	5000	31037.80341	15156.17031	5010
1	390	30827.80341	15156.17031	5000	31037.80341	15576.17031	5010
1	391	29362.92536	15263.04091	5000	29446.00281	15770.64675	5010
1	392	30617.80341	14946.17031	5000	30827.80341	15996.17031	5010
1	393	30827.80341	15576.17031	5000	31037.80341	15996.17031	5010
1	394	30827.80341	15996.17031	5000	31037.80341	16416.17031	5010
1	395	30827.80341	16416.17031	5000	31037.80341	16836.17031	5010
1	396	30607.55951	16636.41421	5000	30827.80341	16836.17031	5010
1	397	30187.51615	16636.41421	5000	30407.80341	16836.17031	5010
1	398	30187.51615	16836.17031	5000	31037.80341	17256.20098	5010
1	399	28937.68146	14306.01927	7500	29767.55951	14736.17031	7510
1	400	28922.43755	14736.19517	7500	29362.92536	14941.04836	7510
1	401	29362.92536	14736.17031	7500	29767.55951	14941.04836	7510
1	402	28517.93146	14736.19517	7500	28922.43755	14941.04836	7510
1	403	27887.82941	14736.19517	7500	28087.51373	14945.98518	7510
1	404	28087.51373	14736.17031	7500	28517.83408	14945.98518	7510
1	405	27677.56528	14736.19517	7500	27887.82941	14946.13926	7510
1	406	29767.55951	14946.17031	7500	29977.99661	15156.17031	7510
1	407	28307.81889	14945.98518	7500	28517.83408	15156.17031	7510
1	408	28087.51373	14945.98518	7500	28307.81889	15156.17031	7510
1	409	30407.80341	14946.17031	7500	30617.80341	15156.43297	7510
1	410	29362.92536	14941.04836	7500	29762.43755	15263.04091	7510
1	411	28307.81889	15156.17031	7500	28517.83408	15349.55387	7510
1	412	29767.55951	15156.17031	7500	29977.99661	15366.17031	7510
1	413	28522.95249	14941.04836	7500	28839.38724	15452.02397	7510
1	414	28307.81889	15349.55387	7500	28517.83408	15576.11005	7510
1	415	28087.51373	15156.17031	7500	28307.81889	15576.11005	7510
1	416	29767.55951	15366.17031	7500	29977.99661	15576.17031	7510
1	417	30407.80341	15156.43297	7500	30617.80341	15576.43297	7510
1	418	27463.49048	15496.45832	7500	27677.56528	15646.40713	7510
1	419	27412.20641	15563.36543	7500	27463.49048	15646.40713	7510
1	420	27360.9869	15563.36543	7500	27412.20641	15646.40713	7510
1	421	28922.43755	14941.04836	7500	29362.92536	15702.00065	7510
1	422	27412.20641	15646.40713	7500	27463.49048	15727.31127	7510
1	423	27360.9869	15646.40713	7500	27412.20641	15727.31127	7510
1	424	27312.32836	15646.40713	7500	27360.9869	15727.31127	7510
1	425	28087.51373	15576.11005	7500	28307.81889	15736.29226	7510
1	426	29446.00281	15263.04091	7500	29767.55951	15768.18067	7510
1	427	29223.47676	15703.51086	7500	29362.92536	15770.64675	7510
1	428	29061.91329	15703.51086	7500	29223.47676	15770.64675	7510
1	429	28922.43755	15703.51086	7500	29061.91329	15770.64675	7510
1	430	27312.32836	15727.31127	7500	27463.49048	15795.47344	7510
1	431	27463.49048	15646.40713	7500	27581.62322	15795.47344	7510
1	432	27581.62322	15646.40713	7500	27677.56528	15795.47344	7510
1	433	29767.55951	15576.17031	7500	29977.99661	15796.41421	7510
1	434	27677.56528	14946.13926	7500	28087.51373	15796.47447	7510
1	435	28255.42536	15736.29226	7500	28307.81889	15796.47447	7510
1	436	28205.42536	15736.29226	7500	28255.42536	15796.47447	7510
1	437	28155.42536	15736.29226	7500	28205.42536	15796.47447	7510
1	438	28087.51373	15736.29226	7500	28155.42536	15796.47447	7510
1	439	28307.81889	15576.11005	7500	28517.83408	15796.47447	7510
1	440	27347.43755	15795.47344	7500	27463.49048	15891.17031	7510
1	441	27347.43755	15891.17031	7500	27464.69464	15985.81	7510
1	442	28087.43146	15796.47447	7500	28517.54354	15985.9264	7510
1	443	27677.56528	15796.47447	7500	28087.43146	15985.9264	7510
1	444	27463.49048	15795.47344	7500	27677.56528	15985.9264	7510
1	445	28517.54354	15770.64675	7500	28922.43755	15996.17031	7510
1	446	28727.80341	14306.01927	7500	28937.68146	14526.17031	7510
1	447	28727.80341	14526.17031	7500	28937.68146	14736.19517	7510
1	448	28517.93146	14305.9264	7500	28727.80341	14736.19517	7510
1	449	28097.93146	14305.9264	7500	28517.93146	14736.19517	7510
1	450	27258.0044	14946.13926	7500	27677.56528	15156.42016	7510
1	451	27258.0044	15156.42016	7500	27677.56528	15496.45832	7510
1	452	27312.32836	15563.36543	7500	27360.9869	15646.40713	7510
1	453	27258.0044	15795.47344	7500	27347.43755	15985.81	7510
1	454	28922.43755	15770.64675	7500	29362.92536	15996.17031	7510
1	455	29362.92536	15770.64675	7500	29767.55951	15996.17031	7510
1	456	30407.80341	15576.43297	7500	30617.80341	15996.17031	7510
1	457	29977.99661	14946.17031	7500	30407.80341	15996.17031	7510
1	458	29767.55951	15796.41421	7500	29977.99661	15996.17031	7510
1	459	29767.55951	15996.17031	7500	30617.80341	16216.23639	7510
1	460	30617.80341	15996.17031	7500	30827.80341	16216.23639	7510
1	461	30407.11473	16216.23639	7500	30617.80341	16358.54836	7510
1	462	29362.92536	15996.17031	7500	29767.55951	16405.38913	7510
1	463	28922.43755	15996.17031	7500	29362.92536	16405.38913	7510
1	464	28517.54354	15996.17031	7500	28922.43755	16405.38913	7510
1	465	27258.0044	15985.9264	7500	27667.43146	16405.38913	7510
1	466	28307.80341	15985.9264	7500	28517.54354	16405.38913	7510
1	467	28087.43146	15985.9264	7500	28307.80341	16405.38913	7510
1	468	27887.80341	15985.9264	7500	28087.43146	16405.38913	7510
1	469	27667.43146	15985.9264	7500	27887.80341	16405.38913	7510
1	470	30565.42536	16358.54836	7500	30617.80341	16417.0902	7510
1	471	30515.42536	16358.54836	7500	30565.42536	16417.0902	7510
1	472	30465.42536	16358.54836	7500	30515.42536	16417.0902	7510
1	473	30407.11473	16358.54836	7500	30465.42536	16417.0902	7510
1	474	30187.55951	16216.23639	7500	30407.11473	16417.0902	7510
1	475	29767.29469	16216.23639	7500	30187.55951	16417.0902	7510
1	476	30617.80341	16216.23639	7500	30827.80341	16418.3106	7510
1	477	28517.54354	16405.38913	7500	28937.80592	16536.94953	7510
1	478	28517.54354	16536.94953	7500	28937.80592	16636.13726	7510
1	479	28937.80592	16405.38913	7500	29768.81425	16636.25207	7510
1	480	29767.39937	16417.0902	7500	30187.55951	16636.25207	7510
1	481	30187.51615	16417.0902	7500	30407.11473	16636.25207	7510
1	482	30407.11473	16417.0902	7500	30607.55951	16636.41421	7510
1	483	30607.55951	16417.0902	7500	30827.80341	16636.41421	7510
1	484	27483.60568	16405.38913	7500	27958.96668	16651.22172	7510
1	485	26827.5	16405.38913	7500	27483.60568	16651.22172	7510
1	486	26827.5	16651.22172	7500	27483.60568	16723.61172	7510
1	487	27483.60568	16651.22172	7500	27958.96668	16723.61172	7510
1	488	28993.61128	16636.25207	7500	29359.80896	16755.97305	7510
1	489	30407.80341	16636.41421	7500	30607.55951	16836.17031	7510
1	490	28993.61128	16755.97305	7500	29357.70954	16846.12287	7510
1	491	27483.60568	16723.61172	7500	27958.96668	16935.75214	7510
1	492	26827.5	16723.61172	7500	27483.60568	16935.75214	7510
1	493	28839.38724	14941.04836	7500	28922.43755	15452.02397	7510
1	494	27312.32836	15496.45832	7500	27463.49048	15563.36543	7510
1	495	28522.95249	15452.02397	7500	28922.43755	15768.18067	7510
1	496	29357.70954	16755.97305	7500	29518.26364	16984.70689	7510
1	497	26827.5	16935.75214	7500	27483.60568	17008.14214	7510
1	498	27483.60568	16935.75214	7500	27958.96668	17008.14214	7510
1	499	29468.18255	16984.70689	7500	29518.26364	17045.67566	7510
1	500	29416.56012	16984.70689	7500	29468.18255	17045.67566	7510
1	501	29357.70953	16984.70689	7500	29416.56012	17045.67566	7510
1	502	29518.26364	16636.25207	7500	29801.06893	17045.67566	7510
1	503	29801.06893	16636.25207	7500	30187.51615	17106.17713	7510
1	504	28993.61128	16846.12287	7500	29226.5664	17255.77393	7510
1	505	29226.5664	16846.12287	7500	29357.70954	17255.77393	7510
1	506	29357.70954	17045.67566	7500	29801.06893	17255.77393	7510
1	507	28517.54354	16636.25207	7500	28993.61128	17255.77393	7510
1	508	27958.96668	16405.38913	7500	28517.54354	17255.77393	7510
1	509	27483.60568	17008.14214	7500	27958.96668	17255.77393	7510
1	510	26827.5	17008.14214	7500	27483.60568	17255.77393	7510
1	511	29767.55951	14306.13559	7500	29987.86664	14526.17031	7510
1	512	29767.55951	14526.17031	7500	29987.86664	14736.17031	7510
1	513	29987.86664	14306.13559	7500	30197.80341	14736.17031	7510
1	514	30197.80341	14306.13559	7500	30407.80341	14736.17031	7510
1	515	30407.80341	14306.13559	7500	30617.80341	14736.17031	7510
1	516	30617.80341	14306.13559	7500	31037.80341	14736.17031	7510
1	517	27887.82941	14305.9264	7500	28097.93146	14736.19517	7510
1	518	27677.56528	14305.9264	7500	27887.82941	14736.19517	7510
1	519	26827.5603	14305.9264	7500	27677.56528	14946.13926	7510
1	520	29767.55951	14736.17031	7500	30617.80341	14946.17031	7510
1	521	30617.80341	14736.17031	7500	30827.80341	14946.17031	7510
1	522	30827.80341	14736.17031	7500	31037.80341	15156.17031	7510
1	523	30827.80341	15156.17031	7500	31037.80341	15576.17031	7510
1	524	29362.92536	15263.04091	7500	29446.00281	15770.64675	7510
1	525	30617.80341	14946.17031	7500	30827.80341	15996.17031	7510
1	526	30827.80341	15576.17031	7500	31037.80341	15996.17031	7510
1	527	30827.80341	15996.17031	7500	31037.80341	16416.17031	7510
1	528	30827.80341	16416.17031	7500	31037.80341	16836.17031	7510
1	529	30607.55951	16636.41421	7500	30827.80341	16836.17031	7510
1	530	30187.51615	16636.41421	7500	30407.80341	16836.17031	7510
1	531	30187.51615	16836.17031	7500	31037.80341	17256.20098	7510
1	532	27945.09384	14374.33638	10000	28155.09384	14805.01609	10010
1	533	28155.09384	14374.33638	10000	28575.09384	14805.01609	10010
1	534	28575.09384	14374.33638	10000	28785.09384	14805.01609	10010
1	535	28785.09384	14374.33638	10000	28995.09384	14805.01609	10010
1	536	28995.09384	14374.33638	10000	29205.09384	14805.01609	10010
1	537	29205.09384	14374.33638	10000	29415.09384	14805.01609	10010
1	538	29415.09384	14374.33638	10000	29625.09384	14805.01609	10010
1	539	29625.09384	14374.33638	10000	29835.09384	14805.01609	10010
1	540	29835.09384	14374.33638	10000	30045.09384	14805.01609	10010
1	541	30045.09384	14374.33638	10000	30255.09384	14805.01609	10010
1	542	30255.09384	14374.33638	10000	31095.09384	14805.01609	10010
1	543	26884.84993	14374.33638	10000	27304.84993	15015.0013	10010
1	544	26884.84993	15015.0013	10000	27178.8004	15225.01953	10010
1	545	29824.84993	15016.02431	10000	30036.47595	15225.01953	10010
1	546	30463.46782	15016.02431	10000	30675.09384	15434.01474	10010
1	547	29824.84993	15225.01953	10000	30036.47595	15434.01474	10010
1	548	26884.84993	15225.01953	10000	27178.8004	15435.26343	10010
1	549	27304.63179	15214.77562	10000	27735.01722	15565.68954	10010
1	550	27365.48708	15565.68954	10000	27520.22353	15632.21465	10010
1	551	26884.84993	15435.26343	10000	27178.8004	15644.64489	10010
1	552	26884.84993	15644.64489	10000	26952.47189	15691.40016	10010
1	553	27520.22353	15565.68954	10000	27735.01722	15715.44635	10010
1	554	27469.68015	15632.21465	10000	27520.22353	15715.44635	10010
1	555	27418.29921	15632.21465	10000	27469.68015	15715.44635	10010
1	556	27365.48708	15632.21465	10000	27418.29921	15715.44635	10010
1	557	26952.47189	15644.64489	10000	27128.8004	15741.84097	10010
1	558	26884.84993	15691.40016	10000	26952.47189	15741.84097	10010
1	559	29285.06142	15012.4398	10000	29402.52741	15773.57448	10010
1	560	28997.80099	15012.4398	10000	29115.13323	15775.18174	10010
1	561	26884.84993	15741.84097	10000	26952.47189	15791.90977	10010
1	562	29402.52741	15012.4398	10000	29537.6364	15797.11816	10010
1	563	27469.32397	15715.44635	10000	27520.22353	15798.67806	10010
1	564	27418.31331	15715.44635	10000	27469.68015	15798.67806	10010
1	565	27365.48708	15715.44635	10000	27418.31331	15798.67806	10010
1	566	28354.84993	15645.01953	10000	28576.48265	15807.64148	10010
1	567	28576.48265	15012.4398	10000	28796.67767	15836.93499	10010
1	568	28796.67767	15470.87318	10000	28847.56625	15836.93499	10010
1	569	29285.06142	15773.57448	10000	29402.52741	15836.93499	10010
1	570	28997.80099	15775.03683	10000	29115.13323	15836.93499	10010
1	571	28862.12272	15012.4398	10000	28997.80099	15836.93499	10010
1	572	29115.13323	15012.4398	10000	29285.06142	15836.93499	10010
1	573	26952.47189	15741.84097	10000	27128.8004	15844.444	10010
1	574	26884.92697	15791.90977	10000	26952.47189	15844.444	10010
1	575	27735.01722	15015.0013	10000	28143.80612	15864.38765	10010
1	576	27637.43575	15715.44635	10000	27735.01722	15864.38765	10010
1	577	27365.48708	15798.67806	10000	27520.22353	15864.38765	10010
1	578	27520.22353	15715.44635	10000	27637.43575	15864.38765	10010
1	579	27304.63179	15565.68954	10000	27365.48708	15864.38765	10010
1	580	28576.48265	15836.93499	10000	28785.09384	15866.00762	10010
1	581	28522.71579	15807.64148	10000	28576.48265	15866.00762	10010
1	582	28472.71579	15807.64148	10000	28522.71579	15866.00762	10010
1	583	28422.71579	15807.64148	10000	28472.71579	15866.00762	10010
1	584	28354.84993	15807.64148	10000	28422.71579	15866.00762	10010
1	585	28522.71579	15807.64148	10000	28576.48265	15866.00762	10010
1	586	28472.71579	15807.64148	10000	28522.71579	15866.00762	10010
1	587	28422.71579	15807.64148	10000	28472.71579	15866.00762	10010
1	588	28354.84993	15807.64148	10000	28422.71579	15866.00762	10010
1	589	28143.80612	15645.01953	10000	28354.84993	15866.00762	10010
1	590	27409.69929	15864.38765	10000	27525.09384	15958.73001	10010
1	591	27178.8004	15844.444	10000	27304.63179	16054.77026	10010
1	592	27735.01722	15864.38765	10000	28143.80612	16054.77026	10010
1	593	28143.80612	15866.00762	10000	28155.09384	16054.77026	10010
1	594	28155.09384	15866.00762	10000	28542.35358	16054.77026	10010
1	595	28542.35358	15866.00762	10000	28576.48265	16054.77562	10010
1	596	28576.48265	15866.00762	10000	28785.09384	16054.77562	10010
1	597	27409.69929	15958.73001	10000	27525.09384	16054.77562	10010
1	598	27304.63179	15864.38765	10000	27409.69929	16054.77562	10010
1	599	26884.84993	15844.444	10000	27178.8004	16054.77562	10010
1	600	30463.51332	15613.03522	10000	30675.09384	16064.51145	10010
1	601	27304.63179	16054.77026	10000	27724.84993	16477.00796	10010
1	602	27304.84993	14374.33638	10000	27735.01722	14805.01609	10010
1	603	27735.01722	14374.33638	10000	27945.09384	14805.01609	10010
1	604	28542.35358	16054.77562	10000	28785.09384	16477.00796	10010
1	605	27945.09384	16054.77026	10000	28155.09384	16477.00796	10010
1	606	27724.84993	16054.77026	10000	27944.9419	16477.00796	10010
1	607	26884.84993	16054.77562	10000	27304.63179	16477.00796	10010
1	608	28576.48265	14805.01609	10000	28796.67767	15012.4398	10010
1	609	28143.80612	14805.01609	10000	28576.48265	15013.76935	10010
1	610	27940.23398	14805.01609	10000	28143.80612	15015.0013	10010
1	611	27304.84993	14805.01609	10000	27735.01722	15015.0013	10010
1	612	27735.01722	14805.01609	10000	27940.23398	15015.0013	10010
1	613	27304.84993	15015.0013	10000	27735.01722	15214.77562	10010
1	614	27178.8004	15015.0013	10000	27304.63179	15214.77562	10010
1	615	28365.09384	15013.76935	10000	28576.48265	15225.0186	10010
1	616	28143.80612	15013.76935	10000	28365.09384	15225.0186	10010
1	617	28796.67767	15012.4398	10000	28862.12272	15470.87318	10010
1	618	27178.8004	15214.77562	10000	27304.63179	15644.64489	10010
1	619	29537.6364	15381.89013	10000	29603.29324	15836.93499	10010
1	620	27178.8004	15644.64489	10000	27304.63179	15844.444	10010
1	621	27128.8004	15644.64489	10000	27178.8004	15844.444	10010
1	622	27525.09384	15864.38765	10000	27735.01722	16054.77026	10010
1	623	28785.09384	15836.93499	10000	28862.12272	16062.35133	10010
1	624	28862.12272	15836.93499	10000	28989.97189	16062.35133	10010
1	625	28989.97189	15836.93499	10000	29409.97628	16062.35133	10010
1	626	29409.97628	15836.93499	10000	29603.29324	16062.35133	10010
1	627	28989.97189	16062.35133	10000	29409.97628	16478.40923	10010
1	628	29537.6364	14805.01609	10000	29824.84993	15012.4398	10010
1	629	28796.67767	14805.01609	10000	29537.6364	15012.4398	10010
1	630	29603.29324	15836.93499	10000	29824.85089	16062.35133	10010
1	631	28155.09384	16054.77562	10000	28542.35358	16477.00796	10010
1	632	29409.97628	16062.35133	10000	29824.85089	16485.01953	10010
1	633	30572.71579	16427.39757	10000	30622.71579	16485.01953	10010
1	634	30522.71579	16427.39757	10000	30572.71579	16485.01953	10010
1	635	30463.51332	16427.39757	10000	30522.71579	16485.01953	10010
1	636	30622.71579	16427.39757	10000	30675.09384	16485.01953	10010
1	637	30885.09384	16485.01953	10000	31095.09384	16704.51125	10010
1	638	28542.35358	16477.00796	10000	28785.09384	16894.45355	10010
1	639	29415.05185	16704.51125	10000	29576.64872	17056.11709	10010
1	640	29525.21579	17056.11709	10000	29576.64872	17114.82187	10010
1	641	29473.99628	17056.11709	10000	29525.21579	17114.82187	10010
1	642	29415.05185	17056.11709	10000	29473.99628	17114.82187	10010
1	643	29576.64872	16704.51125	10000	29835.21861	17114.82187	10010
1	644	27944.9419	16477.00796	10000	28542.35358	17151.30204	10010
1	645	28995.09385	16894.45355	10000	29415.05185	17244.53172	10010
1	646	28542.35358	16894.45355	10000	28995.09385	17244.53172	10010
1	647	30675.09384	14805.01609	10000	30885.09384	15016.02431	10010
1	648	29824.84993	14805.01609	10000	30675.09384	15016.02431	10010
1	649	29537.6364	15012.4398	10000	29824.84993	15381.89013	10010
1	650	29603.29324	15381.89013	10000	29824.84993	15434.01474	10010
1	651	30036.47595	15016.02431	10000	30463.46782	15434.01474	10010
1	652	29824.84993	15434.01474	10000	30675.09384	15613.03522	10010
1	653	29603.29324	15434.01474	10000	29824.84993	15613.03522	10010
1	654	28143.80612	15225.0186	10000	28576.48265	15645.01953	10010
1	655	29603.29324	15613.03522	10000	29824.85089	15836.93499	10010
1	656	30035.86699	15613.03522	10000	30463.51332	16064.51145	10010
1	657	28785.09384	16062.35133	10000	28989.97189	16478.40923	10010
1	658	30675.09384	15016.02431	10000	30885.09384	16485.01953	10010
1	659	30675.09384	16485.01953	10000	30885.09384	16704.51125	10010
1	660	29824.85089	16485.01953	10000	30675.09384	16704.51125	10010
1	661	29415.05185	16485.01953	10000	29824.85089	16704.51125	10010
1	662	28785.09384	16477.00796	10000	28989.97189	16704.51125	10010
1	663	28989.97189	16478.40923	10000	29415.05185	16704.51125	10010
1	664	28785.09384	16704.51125	10000	29415.05185	16894.45355	10010
1	665	29945.33774	16704.51125	10000	31095.09384	17324.20097	10010
1	666	29835.21861	16704.51125	10000	29945.33774	17324.20097	10010
1	667	29415.05185	17114.82187	10000	29835.21861	17324.20097	10010
1	668	28542.35358	17244.53172	10000	29415.05185	17324.20097	10010
1	669	27304.63179	16477.00796	10000	27944.9419	17324.20097	10010
1	670	27944.9419	17151.30204	10000	28542.35358	17324.20097	10010
1	671	26884.84993	16477.00796	10000	27304.63179	17324.20097	10010
1	672	30885.09384	14805.01609	10000	31095.09384	15225.01953	10010
1	673	30885.09384	15225.01953	10000	31095.09384	15612.03043	10010
1	674	29824.85089	15613.03522	10000	30035.86699	15842.51824	10010
1	675	29824.85089	15842.51824	10000	30035.86699	16064.51145	10010
1	676	30885.09384	15612.03043	10000	31095.09384	16065.01953	10010
1	677	30463.51332	16064.51145	10000	30675.09384	16281.81528	10010
1	678	30463.51332	16281.81528	10000	30675.09384	16427.39757	10010
1	679	29824.85089	16064.51145	10000	30035.86699	16485.01953	10010
1	680	30035.86699	16064.51145	10000	30463.51332	16485.01953	10010
1	681	30885.09384	16065.01953	10000	31095.09384	16485.01953	10010
1	682	27945.09384	14374.33638	12500	28155.09384	14805.01609	12510
1	683	28155.09384	14374.33638	12500	28575.09384	14805.01609	12510
1	684	28575.09384	14374.33638	12500	28785.09384	14805.01609	12510
1	685	28785.09384	14374.33638	12500	28995.09384	14805.01609	12510
1	686	28995.09384	14374.33638	12500	29205.09384	14805.01609	12510
1	687	29205.09384	14374.33638	12500	29415.09384	14805.01609	12510
1	688	29415.09384	14374.33638	12500	29625.09384	14805.01609	12510
1	689	29625.09384	14374.33638	12500	29835.09384	14805.01609	12510
1	690	29835.09384	14374.33638	12500	30045.09384	14805.01609	12510
1	691	30045.09384	14374.33638	12500	30255.09384	14805.01609	12510
1	692	30255.09384	14374.33638	12500	31095.09384	14805.01609	12510
1	693	26884.84993	14374.33638	12500	27304.84993	15015.0013	12510
1	694	26884.84993	15015.0013	12500	27178.8004	15225.01953	12510
1	695	29824.84993	15016.02431	12500	30036.47595	15225.01953	12510
1	696	30463.46782	15016.02431	12500	30675.09384	15434.01474	12510
1	697	29824.84993	15225.01953	12500	30036.47595	15434.01474	12510
1	698	26884.84993	15225.01953	12500	27178.8004	15435.26343	12510
1	699	27304.63179	15214.77562	12500	27735.01722	15565.68954	12510
1	700	27365.48708	15565.68954	12500	27520.22353	15632.21465	12510
1	701	26884.84993	15435.26343	12500	27178.8004	15644.64489	12510
1	702	26884.84993	15644.64489	12500	26952.47189	15691.40016	12510
1	703	27520.22353	15565.68954	12500	27735.01722	15715.44635	12510
1	704	27469.68015	15632.21465	12500	27520.22353	15715.44635	12510
1	705	27418.29921	15632.21465	12500	27469.68015	15715.44635	12510
1	706	27365.48708	15632.21465	12500	27418.29921	15715.44635	12510
1	707	26952.47189	15644.64489	12500	27128.8004	15741.84097	12510
1	708	26884.84993	15691.40016	12500	26952.47189	15741.84097	12510
1	709	29285.06142	15012.4398	12500	29402.52741	15773.57448	12510
1	710	28997.80099	15012.4398	12500	29115.13323	15775.18174	12510
1	711	26884.84993	15741.84097	12500	26952.47189	15791.90977	12510
1	712	29402.52741	15012.4398	12500	29537.6364	15797.11816	12510
1	713	27469.32397	15715.44635	12500	27520.22353	15798.67806	12510
1	714	27418.31331	15715.44635	12500	27469.68015	15798.67806	12510
1	715	27365.48708	15715.44635	12500	27418.31331	15798.67806	12510
1	716	28354.84993	15645.01953	12500	28576.48265	15807.64148	12510
1	717	28576.48265	15012.4398	12500	28796.67767	15836.93499	12510
1	718	28796.67767	15470.87318	12500	28847.56625	15836.93499	12510
1	719	29285.06142	15773.57448	12500	29402.52741	15836.93499	12510
1	720	28997.80099	15775.03683	12500	29115.13323	15836.93499	12510
1	721	28862.12272	15012.4398	12500	28997.80099	15836.93499	12510
1	722	29115.13323	15012.4398	12500	29285.06142	15836.93499	12510
1	723	26952.47189	15741.84097	12500	27128.8004	15844.444	12510
1	724	26884.92697	15791.90977	12500	26952.47189	15844.444	12510
1	725	27735.01722	15015.0013	12500	28143.80612	15864.38765	12510
1	726	27637.43575	15715.44635	12500	27735.01722	15864.38765	12510
1	727	27365.48708	15798.67806	12500	27520.22353	15864.38765	12510
1	728	27520.22353	15715.44635	12500	27637.43575	15864.38765	12510
1	729	27304.63179	15565.68954	12500	27365.48708	15864.38765	12510
1	730	28576.48265	15836.93499	12500	28785.09384	15866.00762	12510
1	731	28522.71579	15807.64148	12500	28576.48265	15866.00762	12510
1	732	28472.71579	15807.64148	12500	28522.71579	15866.00762	12510
1	733	28422.71579	15807.64148	12500	28472.71579	15866.00762	12510
1	734	28354.84993	15807.64148	12500	28422.71579	15866.00762	12510
1	735	28522.71579	15807.64148	12500	28576.48265	15866.00762	12510
1	736	28472.71579	15807.64148	12500	28522.71579	15866.00762	12510
1	737	28422.71579	15807.64148	12500	28472.71579	15866.00762	12510
1	738	28354.84993	15807.64148	12500	28422.71579	15866.00762	12510
1	739	28143.80612	15645.01953	12500	28354.84993	15866.00762	12510
1	740	27409.69929	15864.38765	12500	27525.09384	15958.73001	12510
1	741	27178.8004	15844.444	12500	27304.63179	16054.77026	12510
1	742	27735.01722	15864.38765	12500	28143.80612	16054.77026	12510
1	743	28143.80612	15866.00762	12500	28155.09384	16054.77026	12510
1	744	28155.09384	15866.00762	12500	28542.35358	16054.77026	12510
1	745	28542.35358	15866.00762	12500	28576.48265	16054.77562	12510
1	746	28576.48265	15866.00762	12500	28785.09384	16054.77562	12510
1	747	27409.69929	15958.73001	12500	27525.09384	16054.77562	12510
1	748	27304.63179	15864.38765	12500	27409.69929	16054.77562	12510
1	749	26884.84993	15844.444	12500	27178.8004	16054.77562	12510
1	750	30463.51332	15613.03522	12500	30675.09384	16064.51145	12510
1	751	27304.63179	16054.77026	12500	27724.84993	16477.00796	12510
1	752	27304.84993	14374.33638	12500	27735.01722	14805.01609	12510
1	753	27735.01722	14374.33638	12500	27945.09384	14805.01609	12510
1	754	28542.35358	16054.77562	12500	28785.09384	16477.00796	12510
1	755	27945.09384	16054.77026	12500	28155.09384	16477.00796	12510
1	756	27724.84993	16054.77026	12500	27944.9419	16477.00796	12510
1	757	26884.84993	16054.77562	12500	27304.63179	16477.00796	12510
1	758	28576.48265	14805.01609	12500	28796.67767	15012.4398	12510
1	759	28143.80612	14805.01609	12500	28576.48265	15013.76935	12510
1	760	27940.23398	14805.01609	12500	28143.80612	15015.0013	12510
1	761	27304.84993	14805.01609	12500	27735.01722	15015.0013	12510
1	762	27735.01722	14805.01609	12500	27940.23398	15015.0013	12510
1	763	27304.84993	15015.0013	12500	27735.01722	15214.77562	12510
1	764	27178.8004	15015.0013	12500	27304.63179	15214.77562	12510
1	765	28365.09384	15013.76935	12500	28576.48265	15225.0186	12510
1	766	28143.80612	15013.76935	12500	28365.09384	15225.0186	12510
1	767	28796.67767	15012.4398	12500	28862.12272	15470.87318	12510
1	768	27178.8004	15214.77562	12500	27304.63179	15644.64489	12510
1	769	29537.6364	15381.89013	12500	29603.29324	15836.93499	12510
1	770	27178.8004	15644.64489	12500	27304.63179	15844.444	12510
1	771	27128.8004	15644.64489	12500	27178.8004	15844.444	12510
1	772	27525.09384	15864.38765	12500	27735.01722	16054.77026	12510
1	773	28785.09384	15836.93499	12500	28862.12272	16062.35133	12510
1	774	28862.12272	15836.93499	12500	28989.97189	16062.35133	12510
1	775	28989.97189	15836.93499	12500	29409.97628	16062.35133	12510
1	776	29409.97628	15836.93499	12500	29603.29324	16062.35133	12510
1	777	28989.97189	16062.35133	12500	29409.97628	16478.40923	12510
1	778	29537.6364	14805.01609	12500	29824.84993	15012.4398	12510
1	779	28796.67767	14805.01609	12500	29537.6364	15012.4398	12510
1	780	29603.29324	15836.93499	12500	29824.85089	16062.35133	12510
1	781	28155.09384	16054.77562	12500	28542.35358	16477.00796	12510
1	782	29409.97628	16062.35133	12500	29824.85089	16485.01953	12510
1	783	30572.71579	16427.39757	12500	30622.71579	16485.01953	12510
1	784	30522.71579	16427.39757	12500	30572.71579	16485.01953	12510
1	785	30463.51332	16427.39757	12500	30522.71579	16485.01953	12510
1	786	30622.71579	16427.39757	12500	30675.09384	16485.01953	12510
1	787	30885.09384	16485.01953	12500	31095.09384	16704.51125	12510
1	788	28542.35358	16477.00796	12500	28785.09384	16894.45355	12510
1	789	29415.05185	16704.51125	12500	29576.64872	17056.11709	12510
1	790	29525.21579	17056.11709	12500	29576.64872	17114.82187	12510
1	791	29473.99628	17056.11709	12500	29525.21579	17114.82187	12510
1	792	29415.05185	17056.11709	12500	29473.99628	17114.82187	12510
1	793	29576.64872	16704.51125	12500	29835.21861	17114.82187	12510
1	794	27944.9419	16477.00796	12500	28542.35358	17151.30204	12510
1	795	28995.09385	16894.45355	12500	29415.05185	17244.53172	12510
1	796	28542.35358	16894.45355	12500	28995.09385	17244.53172	12510
1	797	30675.09384	14805.01609	12500	30885.09384	15016.02431	12510
1	798	29824.84993	14805.01609	12500	30675.09384	15016.02431	12510
1	799	29537.6364	15012.4398	12500	29824.84993	15381.89013	12510
1	800	29603.29324	15381.89013	12500	29824.84993	15434.01474	12510
1	801	30036.47595	15016.02431	12500	30463.46782	15434.01474	12510
1	802	29824.84993	15434.01474	12500	30675.09384	15613.03522	12510
1	803	29603.29324	15434.01474	12500	29824.84993	15613.03522	12510
1	804	28143.80612	15225.0186	12500	28576.48265	15645.01953	12510
1	805	29603.29324	15613.03522	12500	29824.85089	15836.93499	12510
1	806	30035.86699	15613.03522	12500	30463.51332	16064.51145	12510
1	807	28785.09384	16062.35133	12500	28989.97189	16478.40923	12510
1	808	30675.09384	15016.02431	12500	30885.09384	16485.01953	12510
1	809	30675.09384	16485.01953	12500	30885.09384	16704.51125	12510
1	810	29824.85089	16485.01953	12500	30675.09384	16704.51125	12510
1	811	29415.05185	16485.01953	12500	29824.85089	16704.51125	12510
1	812	28785.09384	16477.00796	12500	28989.97189	16704.51125	12510
1	813	28989.97189	16478.40923	12500	29415.05185	16704.51125	12510
1	814	28785.09384	16704.51125	12500	29415.05185	16894.45355	12510
1	815	29945.33774	16704.51125	12500	31095.09384	17324.20097	12510
1	816	29835.21861	16704.51125	12500	29945.33774	17324.20097	12510
1	817	29415.05185	17114.82187	12500	29835.21861	17324.20097	12510
1	818	28542.35358	17244.53172	12500	29415.05185	17324.20097	12510
1	819	27304.63179	16477.00796	12500	27944.9419	17324.20097	12510
1	820	27944.9419	17151.30204	12500	28542.35358	17324.20097	12510
1	821	26884.84993	16477.00796	12500	27304.63179	17324.20097	12510
1	822	30885.09384	14805.01609	12500	31095.09384	15225.01953	12510
1	823	30885.09384	15225.01953	12500	31095.09384	15612.03043	12510
1	824	29824.85089	15613.03522	12500	30035.86699	15842.51824	12510
1	825	29824.85089	15842.51824	12500	30035.86699	16064.51145	12510
1	826	30885.09384	15612.03043	12500	31095.09384	16065.01953	12510
1	827	30463.51332	16064.51145	12500	30675.09384	16281.81528	12510
1	828	30463.51332	16281.81528	12500	30675.09384	16427.39757	12510
1	829	29824.85089	16064.51145	12500	30035.86699	16485.01953	12510
1	830	30035.86699	16064.51145	12500	30463.51332	16485.01953	12510
1	831	30885.09384	16065.01953	12500	31095.09384	16485.01953	12510
1	832	27945.09384	14374.33638	15000	28155.09384	14805.01609	15010
1	833	28155.09384	14374.33638	15000	28575.09384	14805.01609	15010
1	834	28575.09384	14374.33638	15000	28785.09384	14805.01609	15010
1	835	28785.09384	14374.33638	15000	28995.09384	14805.01609	15010
1	836	28995.09384	14374.33638	15000	29205.09384	14805.01609	15010
1	837	29205.09384	14374.33638	15000	29415.09384	14805.01609	15010
1	838	29415.09384	14374.33638	15000	29625.09384	14805.01609	15010
1	839	29625.09384	14374.33638	15000	29835.09384	14805.01609	15010
1	840	29835.09384	14374.33638	15000	30045.09384	14805.01609	15010
1	841	30045.09384	14374.33638	15000	30255.09384	14805.01609	15010
1	842	30255.09384	14374.33638	15000	31095.09384	14805.01609	15010
1	843	26884.84993	14374.33638	15000	27304.84993	15015.0013	15010
1	844	26884.84993	15015.0013	15000	27178.8004	15225.01953	15010
1	845	29824.84993	15016.02431	15000	30036.47595	15225.01953	15010
1	846	30463.46782	15016.02431	15000	30675.09384	15434.01474	15010
1	847	29824.84993	15225.01953	15000	30036.47595	15434.01474	15010
1	848	26884.84993	15225.01953	15000	27178.8004	15435.26343	15010
1	849	27304.63179	15214.77562	15000	27735.01722	15565.68954	15010
1	850	27365.48708	15565.68954	15000	27520.22353	15632.21465	15010
1	851	26884.84993	15435.26343	15000	27178.8004	15644.64489	15010
1	852	26884.84993	15644.64489	15000	26952.47189	15691.40016	15010
1	853	27520.22353	15565.68954	15000	27735.01722	15715.44635	15010
1	854	27469.68015	15632.21465	15000	27520.22353	15715.44635	15010
1	855	27418.29921	15632.21465	15000	27469.68015	15715.44635	15010
1	856	27365.48708	15632.21465	15000	27418.29921	15715.44635	15010
1	857	26952.47189	15644.64489	15000	27128.8004	15741.84097	15010
1	858	26884.84993	15691.40016	15000	26952.47189	15741.84097	15010
1	859	29285.06142	15012.4398	15000	29402.52741	15773.57448	15010
1	860	28997.80099	15012.4398	15000	29115.13323	15775.18174	15010
1	861	26884.84993	15741.84097	15000	26952.47189	15791.90977	15010
1	862	29402.52741	15012.4398	15000	29537.6364	15797.11816	15010
1	863	27469.32397	15715.44635	15000	27520.22353	15798.67806	15010
1	864	27418.31331	15715.44635	15000	27469.68015	15798.67806	15010
1	865	27365.48708	15715.44635	15000	27418.31331	15798.67806	15010
1	866	28354.84993	15645.01953	15000	28576.48265	15807.64148	15010
1	867	28576.48265	15012.4398	15000	28796.67767	15836.93499	15010
1	868	28796.67767	15470.87318	15000	28847.56625	15836.93499	15010
1	869	29285.06142	15773.57448	15000	29402.52741	15836.93499	15010
1	870	28997.80099	15775.03683	15000	29115.13323	15836.93499	15010
1	871	28862.12272	15012.4398	15000	28997.80099	15836.93499	15010
1	872	29115.13323	15012.4398	15000	29285.06142	15836.93499	15010
1	873	26952.47189	15741.84097	15000	27128.8004	15844.444	15010
1	874	26884.92697	15791.90977	15000	26952.47189	15844.444	15010
1	875	27735.01722	15015.0013	15000	28143.80612	15864.38765	15010
1	876	27637.43575	15715.44635	15000	27735.01722	15864.38765	15010
1	877	27365.48708	15798.67806	15000	27520.22353	15864.38765	15010
1	878	27520.22353	15715.44635	15000	27637.43575	15864.38765	15010
1	879	27304.63179	15565.68954	15000	27365.48708	15864.38765	15010
1	880	28576.48265	15836.93499	15000	28785.09384	15866.00762	15010
1	881	28522.71579	15807.64148	15000	28576.48265	15866.00762	15010
1	882	28472.71579	15807.64148	15000	28522.71579	15866.00762	15010
1	883	28422.71579	15807.64148	15000	28472.71579	15866.00762	15010
1	884	28354.84993	15807.64148	15000	28422.71579	15866.00762	15010
1	885	28522.71579	15807.64148	15000	28576.48265	15866.00762	15010
1	886	28472.71579	15807.64148	15000	28522.71579	15866.00762	15010
1	887	28422.71579	15807.64148	15000	28472.71579	15866.00762	15010
1	888	28354.84993	15807.64148	15000	28422.71579	15866.00762	15010
1	889	28143.80612	15645.01953	15000	28354.84993	15866.00762	15010
1	890	27409.69929	15864.38765	15000	27525.09384	15958.73001	15010
1	891	27178.8004	15844.444	15000	27304.63179	16054.77026	15010
1	892	27735.01722	15864.38765	15000	28143.80612	16054.77026	15010
1	893	28143.80612	15866.00762	15000	28155.09384	16054.77026	15010
1	894	28155.09384	15866.00762	15000	28542.35358	16054.77026	15010
1	895	28542.35358	15866.00762	15000	28576.48265	16054.77562	15010
1	896	28576.48265	15866.00762	15000	28785.09384	16054.77562	15010
1	897	27409.69929	15958.73001	15000	27525.09384	16054.77562	15010
1	898	27304.63179	15864.38765	15000	27409.69929	16054.77562	15010
1	899	26884.84993	15844.444	15000	27178.8004	16054.77562	15010
1	900	30463.51332	15613.03522	15000	30675.09384	16064.51145	15010
1	901	27304.63179	16054.77026	15000	27724.84993	16477.00796	15010
1	902	27304.84993	14374.33638	15000	27735.01722	14805.01609	15010
1	903	27735.01722	14374.33638	15000	27945.09384	14805.01609	15010
1	904	28542.35358	16054.77562	15000	28785.09384	16477.00796	15010
1	905	27945.09384	16054.77026	15000	28155.09384	16477.00796	15010
1	906	27724.84993	16054.77026	15000	27944.9419	16477.00796	15010
1	907	26884.84993	16054.77562	15000	27304.63179	16477.00796	15010
1	908	28576.48265	14805.01609	15000	28796.67767	15012.4398	15010
1	909	28143.80612	14805.01609	15000	28576.48265	15013.76935	15010
1	910	27940.23398	14805.01609	15000	28143.80612	15015.0013	15010
1	911	27304.84993	14805.01609	15000	27735.01722	15015.0013	15010
1	912	27735.01722	14805.01609	15000	27940.23398	15015.0013	15010
1	913	27304.84993	15015.0013	15000	27735.01722	15214.77562	15010
1	914	27178.8004	15015.0013	15000	27304.63179	15214.77562	15010
1	915	28365.09384	15013.76935	15000	28576.48265	15225.0186	15010
1	916	28143.80612	15013.76935	15000	28365.09384	15225.0186	15010
1	917	28796.67767	15012.4398	15000	28862.12272	15470.87318	15010
1	918	27178.8004	15214.77562	15000	27304.63179	15644.64489	15010
1	919	29537.6364	15381.89013	15000	29603.29324	15836.93499	15010
1	920	27178.8004	15644.64489	15000	27304.63179	15844.444	15010
1	921	27128.8004	15644.64489	15000	27178.8004	15844.444	15010
1	922	27525.09384	15864.38765	15000	27735.01722	16054.77026	15010
1	923	28785.09384	15836.93499	15000	28862.12272	16062.35133	15010
1	924	28862.12272	15836.93499	15000	28989.97189	16062.35133	15010
1	925	28989.97189	15836.93499	15000	29409.97628	16062.35133	15010
1	926	29409.97628	15836.93499	15000	29603.29324	16062.35133	15010
1	927	28989.97189	16062.35133	15000	29409.97628	16478.40923	15010
1	928	29537.6364	14805.01609	15000	29824.84993	15012.4398	15010
1	929	28796.67767	14805.01609	15000	29537.6364	15012.4398	15010
1	930	29603.29324	15836.93499	15000	29824.85089	16062.35133	15010
1	931	28155.09384	16054.77562	15000	28542.35358	16477.00796	15010
1	932	29409.97628	16062.35133	15000	29824.85089	16485.01953	15010
1	933	30572.71579	16427.39757	15000	30622.71579	16485.01953	15010
1	934	30522.71579	16427.39757	15000	30572.71579	16485.01953	15010
1	935	30463.51332	16427.39757	15000	30522.71579	16485.01953	15010
1	936	30622.71579	16427.39757	15000	30675.09384	16485.01953	15010
1	937	30885.09384	16485.01953	15000	31095.09384	16704.51125	15010
1	938	28542.35358	16477.00796	15000	28785.09384	16894.45355	15010
1	939	29415.05185	16704.51125	15000	29576.64872	17056.11709	15010
1	940	29525.21579	17056.11709	15000	29576.64872	17114.82187	15010
1	941	29473.99628	17056.11709	15000	29525.21579	17114.82187	15010
1	942	29415.05185	17056.11709	15000	29473.99628	17114.82187	15010
1	943	29576.64872	16704.51125	15000	29835.21861	17114.82187	15010
1	944	27944.9419	16477.00796	15000	28542.35358	17151.30204	15010
1	945	28995.09385	16894.45355	15000	29415.05185	17244.53172	15010
1	946	28542.35358	16894.45355	15000	28995.09385	17244.53172	15010
1	947	30675.09384	14805.01609	15000	30885.09384	15016.02431	15010
1	948	29824.84993	14805.01609	15000	30675.09384	15016.02431	15010
1	949	29537.6364	15012.4398	15000	29824.84993	15381.89013	15010
1	950	29603.29324	15381.89013	15000	29824.84993	15434.01474	15010
1	951	30036.47595	15016.02431	15000	30463.46782	15434.01474	15010
1	952	29824.84993	15434.01474	15000	30675.09384	15613.03522	15010
1	953	29603.29324	15434.01474	15000	29824.84993	15613.03522	15010
1	954	28143.80612	15225.0186	15000	28576.48265	15645.01953	15010
1	955	29603.29324	15613.03522	15000	29824.85089	15836.93499	15010
1	956	30035.86699	15613.03522	15000	30463.51332	16064.51145	15010
1	957	28785.09384	16062.35133	15000	28989.97189	16478.40923	15010
1	958	30675.09384	15016.02431	15000	30885.09384	16485.01953	15010
1	959	30675.09384	16485.01953	15000	30885.09384	16704.51125	15010
1	960	29824.85089	16485.01953	15000	30675.09384	16704.51125	15010
1	961	29415.05185	16485.01953	15000	29824.85089	16704.51125	15010
1	962	28785.09384	16477.00796	15000	28989.97189	16704.51125	15010
1	963	28989.97189	16478.40923	15000	29415.05185	16704.51125	15010
1	964	28785.09384	16704.51125	15000	29415.05185	16894.45355	15010
1	965	29945.33774	16704.51125	15000	31095.09384	17324.20097	15010
1	966	29835.21861	16704.51125	15000	29945.33774	17324.20097	15010
1	967	29415.05185	17114.82187	15000	29835.21861	17324.20097	15010
1	968	28542.35358	17244.53172	15000	29415.05185	17324.20097	15010
1	969	27304.63179	16477.00796	15000	27944.9419	17324.20097	15010
1	970	27944.9419	17151.30204	15000	28542.35358	17324.20097	15010
1	971	26884.84993	16477.00796	15000	27304.63179	17324.20097	15010
1	972	30885.09384	14805.01609	15000	31095.09384	15225.01953	15010
1	973	30885.09384	15225.01953	15000	31095.09384	15612.03043	15010
1	974	29824.85089	15613.03522	15000	30035.86699	15842.51824	15010
1	975	29824.85089	15842.51824	15000	30035.86699	16064.51145	15010
1	976	30885.09384	15612.03043	15000	31095.09384	16065.01953	15010
1	977	30463.51332	16064.51145	15000	30675.09384	16281.81528	15010
1	978	30463.51332	16281.81528	15000	30675.09384	16427.39757	15010
1	979	29824.85089	16064.51145	15000	30035.86699	16485.01953	15010
1	980	30035.86699	16064.51145	15000	30463.51332	16485.01953	15010
1	981	30885.09384	16065.01953	15000	31095.09384	16485.01953	15010
1	982	27945.09384	14374.33638	17500	28155.09384	14805.01609	17510
1	983	28155.09384	14374.33638	17500	28575.09384	14805.01609	17510
1	984	28575.09384	14374.33638	17500	28785.09384	14805.01609	17510
1	985	28785.09384	14374.33638	17500	28995.09384	14805.01609	17510
1	986	28995.09384	14374.33638	17500	29205.09384	14805.01609	17510
1	987	29205.09384	14374.33638	17500	29415.09384	14805.01609	17510
1	988	29415.09384	14374.33638	17500	29625.09384	14805.01609	17510
1	989	29625.09384	14374.33638	17500	29835.09384	14805.01609	17510
1	990	29835.09384	14374.33638	17500	30045.09384	14805.01609	17510
1	991	30045.09384	14374.33638	17500	30255.09384	14805.01609	17510
1	992	30255.09384	14374.33638	17500	31095.09384	14805.01609	17510
1	993	26884.84993	14374.33638	17500	27304.84993	15015.0013	17510
1	994	26884.84993	15015.0013	17500	27178.8004	15225.01953	17510
1	995	29824.84993	15016.02431	17500	30036.47595	15225.01953	17510
1	996	30463.46782	15016.02431	17500	30675.09384	15434.01474	17510
1	997	29824.84993	15225.01953	17500	30036.47595	15434.01474	17510
1	998	26884.84993	15225.01953	17500	27178.8004	15435.26343	17510
1	999	27304.63179	15214.77562	17500	27735.01722	15565.68954	17510
1	1000	27365.48708	15565.68954	17500	27520.22353	15632.21465	17510
1	1001	26884.84993	15435.26343	17500	27178.8004	15644.64489	17510
1	1002	26884.84993	15644.64489	17500	26952.47189	15691.40016	17510
1	1003	27520.22353	15565.68954	17500	27735.01722	15715.44635	17510
1	1004	27469.68015	15632.21465	17500	27520.22353	15715.44635	17510
1	1005	27418.29921	15632.21465	17500	27469.68015	15715.44635	17510
1	1006	27365.48708	15632.21465	17500	27418.29921	15715.44635	17510
1	1007	26952.47189	15644.64489	17500	27128.8004	15741.84097	17510
1	1008	26884.84993	15691.40016	17500	26952.47189	15741.84097	17510
1	1009	29285.06142	15012.4398	17500	29402.52741	15773.57448	17510
1	1010	28997.80099	15012.4398	17500	29115.13323	15775.18174	17510
1	1011	26884.84993	15741.84097	17500	26952.47189	15791.90977	17510
1	1012	29402.52741	15012.4398	17500	29537.6364	15797.11816	17510
1	1013	27469.32397	15715.44635	17500	27520.22353	15798.67806	17510
1	1014	27418.31331	15715.44635	17500	27469.68015	15798.67806	17510
1	1015	27365.48708	15715.44635	17500	27418.31331	15798.67806	17510
1	1016	28354.84993	15645.01953	17500	28576.48265	15807.64148	17510
1	1017	28576.48265	15012.4398	17500	28796.67767	15836.93499	17510
1	1018	28796.67767	15470.87318	17500	28847.56625	15836.93499	17510
1	1019	29285.06142	15773.57448	17500	29402.52741	15836.93499	17510
1	1020	28997.80099	15775.03683	17500	29115.13323	15836.93499	17510
1	1021	28862.12272	15012.4398	17500	28997.80099	15836.93499	17510
1	1022	29115.13323	15012.4398	17500	29285.06142	15836.93499	17510
1	1023	26952.47189	15741.84097	17500	27128.8004	15844.444	17510
1	1024	26884.92697	15791.90977	17500	26952.47189	15844.444	17510
1	1025	27735.01722	15015.0013	17500	28143.80612	15864.38765	17510
1	1026	27637.43575	15715.44635	17500	27735.01722	15864.38765	17510
1	1027	27365.48708	15798.67806	17500	27520.22353	15864.38765	17510
1	1028	27520.22353	15715.44635	17500	27637.43575	15864.38765	17510
1	1029	27304.63179	15565.68954	17500	27365.48708	15864.38765	17510
1	1030	28576.48265	15836.93499	17500	28785.09384	15866.00762	17510
1	1031	28522.71579	15807.64148	17500	28576.48265	15866.00762	17510
1	1032	28472.71579	15807.64148	17500	28522.71579	15866.00762	17510
1	1033	28422.71579	15807.64148	17500	28472.71579	15866.00762	17510
1	1034	28354.84993	15807.64148	17500	28422.71579	15866.00762	17510
1	1035	28522.71579	15807.64148	17500	28576.48265	15866.00762	17510
1	1036	28472.71579	15807.64148	17500	28522.71579	15866.00762	17510
1	1037	28422.71579	15807.64148	17500	28472.71579	15866.00762	17510
1	1038	28354.84993	15807.64148	17500	28422.71579	15866.00762	17510
1	1039	28143.80612	15645.01953	17500	28354.84993	15866.00762	17510
1	1040	27409.69929	15864.38765	17500	27525.09384	15958.73001	17510
1	1041	27178.8004	15844.444	17500	27304.63179	16054.77026	17510
1	1042	27735.01722	15864.38765	17500	28143.80612	16054.77026	17510
1	1043	28143.80612	15866.00762	17500	28155.09384	16054.77026	17510
1	1044	28155.09384	15866.00762	17500	28542.35358	16054.77026	17510
1	1045	28542.35358	15866.00762	17500	28576.48265	16054.77562	17510
1	1046	28576.48265	15866.00762	17500	28785.09384	16054.77562	17510
1	1047	27409.69929	15958.73001	17500	27525.09384	16054.77562	17510
1	1048	27304.63179	15864.38765	17500	27409.69929	16054.77562	17510
1	1049	26884.84993	15844.444	17500	27178.8004	16054.77562	17510
1	1050	30463.51332	15613.03522	17500	30675.09384	16064.51145	17510
1	1051	27304.63179	16054.77026	17500	27724.84993	16477.00796	17510
1	1052	27304.84993	14374.33638	17500	27735.01722	14805.01609	17510
1	1053	27735.01722	14374.33638	17500	27945.09384	14805.01609	17510
1	1054	28542.35358	16054.77562	17500	28785.09384	16477.00796	17510
1	1055	27945.09384	16054.77026	17500	28155.09384	16477.00796	17510
1	1056	27724.84993	16054.77026	17500	27944.9419	16477.00796	17510
1	1057	26884.84993	16054.77562	17500	27304.63179	16477.00796	17510
1	1058	28576.48265	14805.01609	17500	28796.67767	15012.4398	17510
1	1059	28143.80612	14805.01609	17500	28576.48265	15013.76935	17510
1	1060	27940.23398	14805.01609	17500	28143.80612	15015.0013	17510
1	1061	27304.84993	14805.01609	17500	27735.01722	15015.0013	17510
1	1062	27735.01722	14805.01609	17500	27940.23398	15015.0013	17510
1	1063	27304.84993	15015.0013	17500	27735.01722	15214.77562	17510
1	1064	27178.8004	15015.0013	17500	27304.63179	15214.77562	17510
1	1065	28365.09384	15013.76935	17500	28576.48265	15225.0186	17510
1	1066	28143.80612	15013.76935	17500	28365.09384	15225.0186	17510
1	1067	28796.67767	15012.4398	17500	28862.12272	15470.87318	17510
1	1068	27178.8004	15214.77562	17500	27304.63179	15644.64489	17510
1	1069	29537.6364	15381.89013	17500	29603.29324	15836.93499	17510
1	1070	27178.8004	15644.64489	17500	27304.63179	15844.444	17510
1	1071	27128.8004	15644.64489	17500	27178.8004	15844.444	17510
1	1072	27525.09384	15864.38765	17500	27735.01722	16054.77026	17510
1	1073	28785.09384	15836.93499	17500	28862.12272	16062.35133	17510
1	1074	28862.12272	15836.93499	17500	28989.97189	16062.35133	17510
1	1075	28989.97189	15836.93499	17500	29409.97628	16062.35133	17510
1	1076	29409.97628	15836.93499	17500	29603.29324	16062.35133	17510
1	1077	28989.97189	16062.35133	17500	29409.97628	16478.40923	17510
1	1078	29537.6364	14805.01609	17500	29824.84993	15012.4398	17510
1	1079	28796.67767	14805.01609	17500	29537.6364	15012.4398	17510
1	1080	29603.29324	15836.93499	17500	29824.85089	16062.35133	17510
1	1081	28155.09384	16054.77562	17500	28542.35358	16477.00796	17510
1	1082	29409.97628	16062.35133	17500	29824.85089	16485.01953	17510
1	1083	30572.71579	16427.39757	17500	30622.71579	16485.01953	17510
1	1084	30522.71579	16427.39757	17500	30572.71579	16485.01953	17510
1	1085	30463.51332	16427.39757	17500	30522.71579	16485.01953	17510
1	1086	30622.71579	16427.39757	17500	30675.09384	16485.01953	17510
1	1087	30885.09384	16485.01953	17500	31095.09384	16704.51125	17510
1	1088	28542.35358	16477.00796	17500	28785.09384	16894.45355	17510
1	1089	29415.05185	16704.51125	17500	29576.64872	17056.11709	17510
1	1090	29525.21579	17056.11709	17500	29576.64872	17114.82187	17510
1	1091	29473.99628	17056.11709	17500	29525.21579	17114.82187	17510
1	1092	29415.05185	17056.11709	17500	29473.99628	17114.82187	17510
1	1093	29576.64872	16704.51125	17500	29835.21861	17114.82187	17510
1	1094	27944.9419	16477.00796	17500	28542.35358	17151.30204	17510
1	1095	28995.09385	16894.45355	17500	29415.05185	17244.53172	17510
1	1096	28542.35358	16894.45355	17500	28995.09385	17244.53172	17510
1	1097	30675.09384	14805.01609	17500	30885.09384	15016.02431	17510
1	1098	29824.84993	14805.01609	17500	30675.09384	15016.02431	17510
1	1099	29537.6364	15012.4398	17500	29824.84993	15381.89013	17510
1	1100	29603.29324	15381.89013	17500	29824.84993	15434.01474	17510
1	1101	30036.47595	15016.02431	17500	30463.46782	15434.01474	17510
1	1102	29824.84993	15434.01474	17500	30675.09384	15613.03522	17510
1	1103	29603.29324	15434.01474	17500	29824.84993	15613.03522	17510
1	1104	28143.80612	15225.0186	17500	28576.48265	15645.01953	17510
1	1105	29603.29324	15613.03522	17500	29824.85089	15836.93499	17510
1	1106	30035.86699	15613.03522	17500	30463.51332	16064.51145	17510
1	1107	28785.09384	16062.35133	17500	28989.97189	16478.40923	17510
1	1108	30675.09384	15016.02431	17500	30885.09384	16485.01953	17510
1	1109	30675.09384	16485.01953	17500	30885.09384	16704.51125	17510
1	1110	29824.85089	16485.01953	17500	30675.09384	16704.51125	17510
1	1111	29415.05185	16485.01953	17500	29824.85089	16704.51125	17510
1	1112	28785.09384	16477.00796	17500	28989.97189	16704.51125	17510
1	1113	28989.97189	16478.40923	17500	29415.05185	16704.51125	17510
1	1114	28785.09384	16704.51125	17500	29415.05185	16894.45355	17510
1	1115	29945.33774	16704.51125	17500	31095.09384	17324.20097	17510
1	1116	29835.21861	16704.51125	17500	29945.33774	17324.20097	17510
1	1117	29415.05185	17114.82187	17500	29835.21861	17324.20097	17510
1	1118	28542.35358	17244.53172	17500	29415.05185	17324.20097	17510
1	1119	27304.63179	16477.00796	17500	27944.9419	17324.20097	17510
1	1120	27944.9419	17151.30204	17500	28542.35358	17324.20097	17510
1	1121	26884.84993	16477.00796	17500	27304.63179	17324.20097	17510
1	1122	30885.09384	14805.01609	17500	31095.09384	15225.01953	17510
1	1123	30885.09384	15225.01953	17500	31095.09384	15612.03043	17510
1	1124	29824.85089	15613.03522	17500	30035.86699	15842.51824	17510
1	1125	29824.85089	15842.51824	17500	30035.86699	16064.51145	17510
1	1126	30885.09384	15612.03043	17500	31095.09384	16065.01953	17510
1	1127	30463.51332	16064.51145	17500	30675.09384	16281.81528	17510
1	1128	30463.51332	16281.81528	17500	30675.09384	16427.39757	17510
1	1129	29824.85089	16064.51145	17500	30035.86699	16485.01953	17510
1	1130	30035.86699	16064.51145	17500	30463.51332	16485.01953	17510
1	1131	30885.09384	16065.01953	17500	31095.09384	16485.01953	17510