0	111	110	27483.60568	17130.79109	1
1	111	98	27145.15473	17008.14214	1
2	98	93	27142.98982	16935.75214	1
3	110	109	27958.96668	17127.66681	1
4	93	92	27483.60568	16826.226	1
5	93	87	27144.65564	16723.61172	1
6	87	86	27143.88187	16651.22172	1
7	86	85	27483.60568	16532.03087	1
8	85	109	27958.96668	16527.94811	1
9	92	109	27958.96668	16828.75152	1
10	109	108	28517.54354	17010.46924	1
11	108	105	28993.61128	17080.969	1
12	106	91	29285.4841	16846.12287	1
13	105	91	29114.44224	16846.12287	1
14	108	91	28993.61128	16806.41808	1
15	98	99	27483.60568	16968.15126	1
16	87	88	27483.60568	16688.96401	1
17	66	45	27570.61535	15985.9264	1
18	42	45	27464.69464	15935.17332	1
19	41	45	27463.49048	15846.72547	1
20	45	44	27677.56528	15898.96312	1
21	70	44	27724.3044	15985.9264	1
22	45	33	27643.09728	15795.47344	1
23	32	33	27581.62322	15752.73482	1
24	31	32	27463.49048	15764.76147	1
25	33	19	27635.46656	15646.40713	1
26	31	25	27336.87015	15727.31127	1
27	31	24	27385.23371	15727.31127	1
28	31	23	27431.87398	15727.31127	1
29	53	95	27335.72328	15563.36543	1
30	21	95	27382.72231	15563.36543	1
31	20	95	27439.40818	15563.36543	1
32	95	19	27463.49048	15526.56354	1
33	52	35	27677.56528	15192.63784	1
34	51	35	27677.56528	14976.48017	1
35	35	6	27793.09723	14946.13926	1
36	120	6	27677.56528	14817.09859	1
37	6	119	27753.94314	14736.19517	1
38	6	4	27887.82941	14850.15116	1
39	120	119	27677.56528	14492.68091	1
40	4	118	27928.7098	14736.19517	1
41	5	50	28133.55205	14736.17031	1
42	4	5	28087.51373	14838.78976	1
43	4	35	27999.10874	14945.98518	1
44	35	9	28087.51373	14985.50454	1
45	35	16	28087.51373	15201.15709	1
46	44	35	27892.62652	15796.47447	1
47	44	43	28087.43146	15900.84456	1
48	69	44	27921.54739	15985.9264	1
49	68	43	28132.67152	15985.9264	1
50	67	43	28336.93239	15985.9264	1
51	43	46	28517.54354	15889.15872	1
52	39	26	28123.6308	15736.29226	1
53	38	26	28181.12259	15736.29226	1
54	37	26	28230.01748	15736.29226	1
55	36	26	28281.33026	15736.29226	1
56	35	26	28087.51373	15618.50044	1
57	40	96	28517.83408	15618.26799	1
58	15	14	28517.83408	15381.93911	1
59	12	14	28517.83408	15197.73765	1
60	3	49	28555.51342	14736.19517	1
61	5	3	28517.83408	14847.21836	1
62	8	14	28517.83408	14982.34626	1
63	14	3	28664.12896	14941.04836	1
64	3	1	28922.43755	14839.92874	1
65	14	96	28689.82148	15452.02397	1
66	94	96	28889.21147	15452.02397	1
67	30	22	28989.78893	15703.51086	1
68	28	22	29300.77947	15703.51086	1
69	29	22	29155.00265	15703.51086	1
70	1	0	29185.43164	14736.19517	1
71	1	2	29362.92536	14863.67653	1
72	46	96	28726.55415	15770.64675	1
73	65	46	28731.49241	15996.17031	1
74	65	64	28922.43755	16211.4166	1
75	46	55	28922.43755	15882.86308	1
76	80	64	29149.28849	16405.38913	1
77	64	63	29362.92536	16208.34601	1
78	55	56	29362.92536	15858.29833	1
79	64	55	29137.00037	15996.17031	1
80	63	56	29582.4447	15996.17031	1
81	56	27	29582.0937	15770.64675	1
82	27	11	29622.90766	15263.04091	1
83	11	2	29579.68539	14941.04836	1
84	2	0	29575.81142	14736.17031	1
85	48	0	28937.68146	14562.49624	1
86	47	0	28937.68146	14491.1676	1
87	80	63	29602.53057	16405.38913	1
88	63	60	29767.55951	16128.69947	1
89	91	89	29076.04948	16755.97305	1
90	108	89	28993.61128	16705.16347	1
91	91	89	29231.9353	16755.97305	1
92	108	79	28758.07954	16636.25207	1
93	109	79	28517.54354	16589.11948	1
94	106	97	29357.70954	16932.36146	1
95	102	97	29389.91302	16984.70689	1
96	101	97	29441.89015	16984.70689	1
97	100	97	29489.97782	16984.70689	1
98	97	103	29518.26364	16878.98723	1
99	107	103	29606.59195	17045.67566	1
100	104	81	29992.02621	16636.25207	1
101	80	81	29768.81425	16523.78124	1
102	81	82	30187.55951	16527.85291	1
103	81	76	29845.59083	16417.0902	1
104	82	75	30233.51127	16417.0902	1
105	56	59	29767.55951	15830.01032	1
106	27	34	29767.55951	15619.55361	1
107	27	17	29767.55951	15400.72926	1
108	11	13	29762.43755	15189.39649	1
109	11	7	29762.43755	14973.76854	1
110	125	11	29407.08485	15263.04091	1
111	2	121	29767.55951	14836.6287	1
112	0	112	29767.55951	14488.88859	1
113	0	113	29767.55951	14563.05071	1
114	121	114	30148.26119	14736.17031	1
115	121	115	30368.96374	14736.17031	1
116	121	116	30572.0417	14736.17031	1
117	10	121	30578.49739	14946.17031	1
118	121	122	30617.80341	14849.73864	1
119	126	122	30724.95476	14946.17031	1
120	122	117	30782.13732	14736.17031	1
121	126	123	30827.80341	15112.88023	1
122	126	124	30827.80341	15199.3813	1
123	126	127	30827.80341	15616.79262	1
124	61	126	30723.88289	15996.17031	1
125	61	128	30827.80341	16043.70105	1
126	60	61	30617.80341	16108.02377	1
127	77	61	30731.06948	16216.23639	1
128	62	60	30582.4514	16216.23639	1
129	74	62	30438.38259	16358.54836	1
130	73	62	30491.96073	16358.54836	1
131	72	62	30541.96702	16358.54836	1
132	71	62	30591.26168	16358.54836	1
133	82	83	30407.11473	16525.47558	1
134	131	82	30233.11404	16636.41421	1
135	90	83	30508.43264	16636.41421	1
136	83	84	30607.55951	16529.222	1
137	132	90	30507.43736	16836.17031	1
138	130	84	30787.03877	16636.41421	1
139	84	77	30720.71286	16417.0902	1
140	84	129	30827.80341	16458.58331	1
141	57	126	30617.80341	15619.11156	1
142	18	126	30617.80341	15190.08407	1
143	79	78	28714.29931	16536.94953	1
144	78	65	28714.25476	16405.38913	1
145	244	243	27483.60568	17130.79109	2
146	244	231	27145.15473	17008.14214	2
147	231	226	27142.98982	16935.75214	2
148	243	242	27958.96668	17127.66681	2
149	226	225	27483.60568	16826.226	2
150	226	220	27144.65564	16723.61172	2
151	220	219	27143.88187	16651.22172	2
152	219	218	27483.60568	16532.03087	2
153	218	242	27958.96668	16527.94811	2
154	225	242	27958.96668	16828.75152	2
155	242	241	28517.54354	17010.46924	2
156	241	238	28993.61128	17080.969	2
157	239	224	29285.4841	16846.12287	2
158	238	224	29114.44224	16846.12287	2
159	241	224	28993.61128	16806.41808	2
160	231	232	27483.60568	16968.15126	2
161	220	221	27483.60568	16688.96401	2
162	199	178	27570.61535	15985.9264	2
163	175	178	27464.69464	15935.17332	2
164	174	178	27463.49048	15846.72547	2
165	178	177	27677.56528	15898.96312	2
166	203	177	27724.3044	15985.9264	2
167	178	166	27643.09728	15795.47344	2
168	165	166	27581.62322	15752.73482	2
169	164	165	27463.49048	15764.76147	2
170	166	152	27635.46656	15646.40713	2
171	164	158	27336.87015	15727.31127	2
172	164	157	27385.23371	15727.31127	2
173	164	156	27431.87398	15727.31127	2
174	186	228	27335.72328	15563.36543	2
175	154	228	27382.72231	15563.36543	2
176	153	228	27439.40818	15563.36543	2
177	228	152	27463.49048	15526.56354	2
178	185	168	27677.56528	15192.63784	2
179	184	168	27677.56528	14976.48017	2
180	168	139	27793.09723	14946.13926	2
181	253	139	27677.56528	14817.09859	2
182	139	252	27753.94314	14736.19517	2
183	139	137	27887.82941	14850.15116	2
184	253	252	27677.56528	14492.68091	2
185	137	251	27928.7098	14736.19517	2
186	138	183	28133.55205	14736.17031	2
187	137	138	28087.51373	14838.78976	2
188	137	168	27999.10874	14945.98518	2
189	168	142	28087.51373	14985.50454	2
190	168	149	28087.51373	15201.15709	2
191	177	168	27892.62652	15796.47447	2
192	177	176	28087.43146	15900.84456	2
193	202	177	27921.54739	15985.9264	2
194	201	176	28132.67152	15985.9264	2
195	200	176	28336.93239	15985.9264	2
196	176	179	28517.54354	15889.15872	2
197	172	159	28123.6308	15736.29226	2
198	171	159	28181.12259	15736.29226	2
199	170	159	28230.01748	15736.29226	2
200	169	159	28281.33026	15736.29226	2
201	168	159	28087.51373	15618.50044	2
202	173	229	28517.83408	15618.26799	2
203	148	147	28517.83408	15381.93911	2
204	145	147	28517.83408	15197.73765	2
205	136	182	28555.51342	14736.19517	2
206	138	136	28517.83408	14847.21836	2
207	141	147	28517.83408	14982.34626	2
208	147	136	28664.12896	14941.04836	2
209	136	134	28922.43755	14839.92874	2
210	147	229	28689.82148	15452.02397	2
211	227	229	28889.21147	15452.02397	2
212	163	155	28989.78893	15703.51086	2
213	161	155	29300.77947	15703.51086	2
214	162	155	29155.00265	15703.51086	2
215	134	133	29185.43164	14736.19517	2
216	134	135	29362.92536	14863.67653	2
217	179	229	28726.55415	15770.64675	2
218	198	179	28731.49241	15996.17031	2
219	198	197	28922.43755	16211.4166	2
220	179	188	28922.43755	15882.86308	2
221	213	197	29149.28849	16405.38913	2
222	197	196	29362.92536	16208.34601	2
223	188	189	29362.92536	15858.29833	2
224	197	188	29137.00037	15996.17031	2
225	196	189	29582.4447	15996.17031	2
226	189	160	29582.0937	15770.64675	2
227	160	144	29622.90766	15263.04091	2
228	144	135	29579.68539	14941.04836	2
229	135	133	29575.81142	14736.17031	2
230	181	133	28937.68146	14562.49624	2
231	180	133	28937.68146	14491.1676	2
232	213	196	29602.53057	16405.38913	2
233	196	193	29767.55951	16128.69947	2
234	224	222	29076.04948	16755.97305	2
235	241	222	28993.61128	16705.16347	2
236	224	222	29231.9353	16755.97305	2
237	241	212	28758.07954	16636.25207	2
238	242	212	28517.54354	16589.11948	2
239	239	230	29357.70954	16932.36146	2
240	235	230	29389.91302	16984.70689	2
241	234	230	29441.89015	16984.70689	2
242	233	230	29489.97782	16984.70689	2
243	230	236	29518.26364	16878.98723	2
244	240	236	29606.59195	17045.67566	2
245	237	214	29992.02621	16636.25207	2
246	213	214	29768.81425	16523.78124	2
247	214	215	30187.55951	16527.85291	2
248	214	209	29845.59083	16417.0902	2
249	215	208	30233.51127	16417.0902	2
250	189	192	29767.55951	15830.01032	2
251	160	167	29767.55951	15619.55361	2
252	160	150	29767.55951	15400.72926	2
253	144	146	29762.43755	15189.39649	2
254	144	140	29762.43755	14973.76854	2
255	258	144	29407.08485	15263.04091	2
256	135	254	29767.55951	14836.6287	2
257	133	245	29767.55951	14488.88859	2
258	133	246	29767.55951	14563.05071	2
259	254	247	30148.26119	14736.17031	2
260	254	248	30368.96374	14736.17031	2
261	254	249	30572.0417	14736.17031	2
262	143	254	30578.49739	14946.17031	2
263	254	255	30617.80341	14849.73864	2
264	259	255	30724.95476	14946.17031	2
265	255	250	30782.13732	14736.17031	2
266	259	256	30827.80341	15112.88023	2
267	259	257	30827.80341	15199.3813	2
268	259	260	30827.80341	15616.79262	2
269	194	259	30723.88289	15996.17031	2
270	194	261	30827.80341	16043.70105	2
271	193	194	30617.80341	16108.02377	2
272	210	194	30731.06948	16216.23639	2
273	195	193	30582.4514	16216.23639	2
274	207	195	30438.38259	16358.54836	2
275	206	195	30491.96073	16358.54836	2
276	205	195	30541.96702	16358.54836	2
277	204	195	30591.26168	16358.54836	2
278	215	216	30407.11473	16525.47558	2
279	264	215	30233.11404	16636.41421	2
280	223	216	30508.43264	16636.41421	2
281	216	217	30607.55951	16529.222	2
282	265	223	30507.43736	16836.17031	2
283	263	217	30787.03877	16636.41421	2
284	217	210	30720.71286	16417.0902	2
285	217	262	30827.80341	16458.58331	2
286	190	259	30617.80341	15619.11156	2
287	151	259	30617.80341	15190.08407	2
288	212	211	28714.29931	16536.94953	2
289	211	198	28714.25476	16405.38913	2
290	377	376	27483.60568	17130.79109	3
291	377	364	27145.15473	17008.14214	3
292	364	359	27142.98982	16935.75214	3
293	376	375	27958.96668	17127.66681	3
294	359	358	27483.60568	16826.226	3
295	359	353	27144.65564	16723.61172	3
296	353	352	27143.88187	16651.22172	3
297	352	351	27483.60568	16532.03087	3
298	351	375	27958.96668	16527.94811	3
299	358	375	27958.96668	16828.75152	3
300	375	374	28517.54354	17010.46924	3
301	374	371	28993.61128	17080.969	3
302	372	357	29285.4841	16846.12287	3
303	371	357	29114.44224	16846.12287	3
304	374	357	28993.61128	16806.41808	3
305	364	365	27483.60568	16968.15126	3
306	353	354	27483.60568	16688.96401	3
307	332	311	27570.61535	15985.9264	3
308	308	311	27464.69464	15935.17332	3
309	307	311	27463.49048	15846.72547	3
310	311	310	27677.56528	15898.96312	3
311	336	310	27724.3044	15985.9264	3
312	311	299	27643.09728	15795.47344	3
313	298	299	27581.62322	15752.73482	3
314	297	298	27463.49048	15764.76147	3
315	299	285	27635.46656	15646.40713	3
316	297	291	27336.87015	15727.31127	3
317	297	290	27385.23371	15727.31127	3
318	297	289	27431.87398	15727.31127	3
319	319	361	27335.72328	15563.36543	3
320	287	361	27382.72231	15563.36543	3
321	286	361	27439.40818	15563.36543	3
322	361	285	27463.49048	15526.56354	3
323	318	301	27677.56528	15192.63784	3
324	317	301	27677.56528	14976.48017	3
325	301	272	27793.09723	14946.13926	3
326	386	272	27677.56528	14817.09859	3
327	272	385	27753.94314	14736.19517	3
328	272	270	27887.82941	14850.15116	3
329	386	385	27677.56528	14492.68091	3
330	270	384	27928.7098	14736.19517	3
331	271	316	28133.55205	14736.17031	3
332	270	271	28087.51373	14838.78976	3
333	270	301	27999.10874	14945.98518	3
334	301	275	28087.51373	14985.50454	3
335	301	282	28087.51373	15201.15709	3
336	310	301	27892.62652	15796.47447	3
337	310	309	28087.43146	15900.84456	3
338	335	310	27921.54739	15985.9264	3
339	334	309	28132.67152	15985.9264	3
340	333	309	28336.93239	15985.9264	3
341	309	312	28517.54354	15889.15872	3
342	305	292	28123.6308	15736.29226	3
343	304	292	28181.12259	15736.29226	3
344	303	292	28230.01748	15736.29226	3
345	302	292	28281.33026	15736.29226	3
346	301	292	28087.51373	15618.50044	3
347	306	362	28517.83408	15618.26799	3
348	281	280	28517.83408	15381.93911	3
349	278	280	28517.83408	15197.73765	3
350	269	315	28555.51342	14736.19517	3
351	271	269	28517.83408	14847.21836	3
352	274	280	28517.83408	14982.34626	3
353	280	269	28664.12896	14941.04836	3
354	269	267	28922.43755	14839.92874	3
355	280	362	28689.82148	15452.02397	3
356	360	362	28889.21147	15452.02397	3
357	296	288	28989.78893	15703.51086	3
358	294	288	29300.77947	15703.51086	3
359	295	288	29155.00265	15703.51086	3
360	267	266	29185.43164	14736.19517	3
361	267	268	29362.92536	14863.67653	3
362	312	362	28726.55415	15770.64675	3
363	331	312	28731.49241	15996.17031	3
364	331	330	28922.43755	16211.4166	3
365	312	321	28922.43755	15882.86308	3
366	346	330	29149.28849	16405.38913	3
367	330	329	29362.92536	16208.34601	3
368	321	322	29362.92536	15858.29833	3
369	330	321	29137.00037	15996.17031	3
370	329	322	29582.4447	15996.17031	3
371	322	293	29582.0937	15770.64675	3
372	293	277	29622.90766	15263.04091	3
373	277	268	29579.68539	14941.04836	3
374	268	266	29575.81142	14736.17031	3
375	314	266	28937.68146	14562.49624	3
376	313	266	28937.68146	14491.1676	3
377	346	329	29602.53057	16405.38913	3
378	329	326	29767.55951	16128.69947	3
379	357	355	29076.04948	16755.97305	3
380	374	355	28993.61128	16705.16347	3
381	357	355	29231.9353	16755.97305	3
382	374	345	28758.07954	16636.25207	3
383	375	345	28517.54354	16589.11948	3
384	372	363	29357.70954	16932.36146	3
385	368	363	29389.91302	16984.70689	3
386	367	363	29441.89015	16984.70689	3
387	366	363	29489.97782	16984.70689	3
388	363	369	29518.26364	16878.98723	3
389	373	369	29606.59195	17045.67566	3
390	370	347	29992.02621	16636.25207	3
391	346	347	29768.81425	16523.78124	3
392	347	348	30187.55951	16527.85291	3
393	347	342	29845.59083	16417.0902	3
394	348	341	30233.51127	16417.0902	3
395	322	325	29767.55951	15830.01032	3
396	293	300	29767.55951	15619.55361	3
397	293	283	29767.55951	15400.72926	3
398	277	279	29762.43755	15189.39649	3
399	277	273	29762.43755	14973.76854	3
400	391	277	29407.08485	15263.04091	3
401	268	387	29767.55951	14836.6287	3
402	266	378	29767.55951	14488.88859	3
403	266	379	29767.55951	14563.05071	3
404	387	380	30148.26119	14736.17031	3
405	387	381	30368.96374	14736.17031	3
406	387	382	30572.0417	14736.17031	3
407	276	387	30578.49739	14946.17031	3
408	387	388	30617.80341	14849.73864	3
409	392	388	30724.95476	14946.17031	3
410	388	383	30782.13732	14736.17031	3
411	392	389	30827.80341	15112.88023	3
412	392	390	30827.80341	15199.3813	3
413	392	393	30827.80341	15616.79262	3
414	327	392	30723.88289	15996.17031	3
415	327	394	30827.80341	16043.70105	3
416	326	327	30617.80341	16108.02377	3
417	343	327	30731.06948	16216.23639	3
418	328	326	30582.4514	16216.23639	3
419	340	328	30438.38259	16358.54836	3
420	339	328	30491.96073	16358.54836	3
421	338	328	30541.96702	16358.54836	3
422	337	328	30591.26168	16358.54836	3
423	348	349	30407.11473	16525.47558	3
424	397	348	30233.11404	16636.41421	3
425	356	349	30508.43264	16636.41421	3
426	349	350	30607.55951	16529.222	3
427	398	356	30507.43736	16836.17031	3
428	396	350	30787.03877	16636.41421	3
429	350	343	30720.71286	16417.0902	3
430	350	395	30827.80341	16458.58331	3
431	323	392	30617.80341	15619.11156	3
432	284	392	30617.80341	15190.08407	3
433	345	344	28714.29931	16536.94953	3
434	344	331	28714.25476	16405.38913	3
435	510	509	27483.60568	17130.79109	4
436	510	497	27145.15473	17008.14214	4
437	497	492	27142.98982	16935.75214	4
438	509	508	27958.96668	17127.66681	4
439	492	491	27483.60568	16826.226	4
440	492	486	27144.65564	16723.61172	4
441	486	485	27143.88187	16651.22172	4
442	485	484	27483.60568	16532.03087	4
443	484	508	27958.96668	16527.94811	4
444	491	508	27958.96668	16828.75152	4
445	508	507	28517.54354	17010.46924	4
446	507	504	28993.61128	17080.969	4
447	505	490	29285.4841	16846.12287	4
448	504	490	29114.44224	16846.12287	4
449	507	490	28993.61128	16806.41808	4
450	497	498	27483.60568	16968.15126	4
451	486	487	27483.60568	16688.96401	4
452	465	444	27570.61535	15985.9264	4
453	441	444	27464.69464	15935.17332	4
454	440	444	27463.49048	15846.72547	4
455	444	443	27677.56528	15898.96312	4
456	469	443	27724.3044	15985.9264	4
457	444	432	27643.09728	15795.47344	4
458	431	432	27581.62322	15752.73482	4
459	430	431	27463.49048	15764.76147	4
460	432	418	27635.46656	15646.40713	4
461	430	424	27336.87015	15727.31127	4
462	430	423	27385.23371	15727.31127	4
463	430	422	27431.87398	15727.31127	4
464	452	494	27335.72328	15563.36543	4
465	420	494	27382.72231	15563.36543	4
466	419	494	27439.40818	15563.36543	4
467	494	418	27463.49048	15526.56354	4
468	451	434	27677.56528	15192.63784	4
469	450	434	27677.56528	14976.48017	4
470	434	405	27793.09723	14946.13926	4
471	519	405	27677.56528	14817.09859	4
472	405	518	27753.94314	14736.19517	4
473	405	403	27887.82941	14850.15116	4
474	519	518	27677.56528	14492.68091	4
475	403	517	27928.7098	14736.19517	4
476	404	449	28133.55205	14736.17031	4
477	403	404	28087.51373	14838.78976	4
478	403	434	27999.10874	14945.98518	4
479	434	408	28087.51373	14985.50454	4
480	434	415	28087.51373	15201.15709	4
481	443	434	27892.62652	15796.47447	4
482	443	442	28087.43146	15900.84456	4
483	468	443	27921.54739	15985.9264	4
484	467	442	28132.67152	15985.9264	4
485	466	442	28336.93239	15985.9264	4
486	442	445	28517.54354	15889.15872	4
487	438	425	28123.6308	15736.29226	4
488	437	425	28181.12259	15736.29226	4
489	436	425	28230.01748	15736.29226	4
490	435	425	28281.33026	15736.29226	4
491	434	425	28087.51373	15618.50044	4
492	439	495	28517.83408	15618.26799	4
493	414	413	28517.83408	15381.93911	4
494	411	413	28517.83408	15197.73765	4
495	402	448	28555.51342	14736.19517	4
496	404	402	28517.83408	14847.21836	4
497	407	413	28517.83408	14982.34626	4
498	413	402	28664.12896	14941.04836	4
499	402	400	28922.43755	14839.92874	4
500	413	495	28689.82148	15452.02397	4
501	493	495	28889.21147	15452.02397	4
502	429	421	28989.78893	15703.51086	4
503	427	421	29300.77947	15703.51086	4
504	428	421	29155.00265	15703.51086	4
505	400	399	29185.43164	14736.19517	4
506	400	401	29362.92536	14863.67653	4
507	445	495	28726.55415	15770.64675	4
508	464	445	28731.49241	15996.17031	4
509	464	463	28922.43755	16211.4166	4
510	445	454	28922.43755	15882.86308	4
511	479	463	29149.28849	16405.38913	4
512	463	462	29362.92536	16208.34601	4
513	454	455	29362.92536	15858.29833	4
514	463	454	29137.00037	15996.17031	4
515	462	455	29582.4447	15996.17031	4
516	455	426	29582.0937	15770.64675	4
517	426	410	29622.90766	15263.04091	4
518	410	401	29579.68539	14941.04836	4
519	401	399	29575.81142	14736.17031	4
520	447	399	28937.68146	14562.49624	4
521	446	399	28937.68146	14491.1676	4
522	479	462	29602.53057	16405.38913	4
523	462	459	29767.55951	16128.69947	4
524	490	488	29076.04948	16755.97305	4
525	507	488	28993.61128	16705.16347	4
526	490	488	29231.9353	16755.97305	4
527	507	478	28758.07954	16636.25207	4
528	508	478	28517.54354	16589.11948	4
529	505	496	29357.70954	16932.36146	4
530	501	496	29389.91302	16984.70689	4
531	500	496	29441.89015	16984.70689	4
532	499	496	29489.97782	16984.70689	4
533	496	502	29518.26364	16878.98723	4
534	506	502	29606.59195	17045.67566	4
535	503	480	29992.02621	16636.25207	4
536	479	480	29768.81425	16523.78124	4
537	480	481	30187.55951	16527.85291	4
538	480	475	29845.59083	16417.0902	4
539	481	474	30233.51127	16417.0902	4
540	455	458	29767.55951	15830.01032	4
541	426	433	29767.55951	15619.55361	4
542	426	416	29767.55951	15400.72926	4
543	410	412	29762.43755	15189.39649	4
544	410	406	29762.43755	14973.76854	4
545	524	410	29407.08485	15263.04091	4
546	401	520	29767.55951	14836.6287	4
547	399	511	29767.55951	14488.88859	4
548	399	512	29767.55951	14563.05071	4
549	520	513	30148.26119	14736.17031	4
550	520	514	30368.96374	14736.17031	4
551	520	515	30572.0417	14736.17031	4
552	409	520	30578.49739	14946.17031	4
553	520	521	30617.80341	14849.73864	4
554	525	521	30724.95476	14946.17031	4
555	521	516	30782.13732	14736.17031	4
556	525	522	30827.80341	15112.88023	4
557	525	523	30827.80341	15199.3813	4
558	525	526	30827.80341	15616.79262	4
559	460	525	30723.88289	15996.17031	4
560	460	527	30827.80341	16043.70105	4
561	459	460	30617.80341	16108.02377	4
562	476	460	30731.06948	16216.23639	4
563	461	459	30582.4514	16216.23639	4
564	473	461	30438.38259	16358.54836	4
565	472	461	30491.96073	16358.54836	4
566	471	461	30541.96702	16358.54836	4
567	470	461	30591.26168	16358.54836	4
568	481	482	30407.11473	16525.47558	4
569	530	481	30233.11404	16636.41421	4
570	489	482	30508.43264	16636.41421	4
571	482	483	30607.55951	16529.222	4
572	531	489	30507.43736	16836.17031	4
573	529	483	30787.03877	16636.41421	4
574	483	476	30720.71286	16417.0902	4
575	483	528	30827.80341	16458.58331	4
576	456	525	30617.80341	15619.11156	4
577	417	525	30617.80341	15190.08407	4
578	478	477	28714.29931	16536.94953	4
579	477	464	28714.25476	16405.38913	4
580	28	161	0	0	11
581	30	163	0	0	11
582	36	169	0	0	11
583	37	170	0	0	11
584	38	171	0	0	11
585	39	172	0	0	11
586	41	174	0	0	11
587	42	175	0	0	11
588	66	199	0	0	11
589	71	204	0	0	11
590	72	205	0	0	11
591	73	206	0	0	11
592	74	207	0	0	11
593	88	221	0	0	11
594	94	227	0	0	11
595	99	232	0	0	11
596	100	233	0	0	11
597	101	234	0	0	11
598	102	235	0	0	11
599	107	240	0	0	11
600	125	258	0	0	11
601	161	294	0	0	12
602	163	296	0	0	12
603	169	302	0	0	12
604	170	303	0	0	12
605	171	304	0	0	12
606	172	305	0	0	12
607	174	307	0	0	12
608	175	308	0	0	12
609	199	332	0	0	12
610	204	337	0	0	12
611	205	338	0	0	12
612	206	339	0	0	12
613	207	340	0	0	12
614	221	354	0	0	12
615	227	360	0	0	12
616	232	365	0	0	12
617	233	366	0	0	12
618	234	367	0	0	12
619	235	368	0	0	12
620	240	373	0	0	12
621	258	391	0	0	12
622	294	427	0	0	13
623	296	429	0	0	13
624	302	435	0	0	13
625	303	436	0	0	13
626	304	437	0	0	13
627	305	438	0	0	13
628	307	440	0	0	13
629	308	441	0	0	13
630	332	465	0	0	13
631	337	470	0	0	13
632	338	471	0	0	13
633	339	472	0	0	13
634	340	473	0	0	13
635	354	487	0	0	13
636	360	493	0	0	13
637	365	498	0	0	13
638	366	499	0	0	13
639	367	500	0	0	13
640	368	501	0	0	13
641	373	506	0	0	13
642	391	524	0	0	13
643	669	644	27944.9419	16833.94044	5
644	644	631	28355.76316	16477.00796	5
645	670	668	28542.35358	17284.06024	5
646	668	667	29415.05185	17285.05605	5
647	646	664	28948.09664	16894.45355	5
648	645	664	29038.93805	16894.45355	5
649	638	662	28785.09384	16513.06085	5
650	601	622	27623.0454	16054.77026	5
651	597	622	27525.09384	16006.11864	5
652	590	622	27525.09384	15915.66755	5
653	622	592	27735.01722	15947.0226	5
654	592	575	27932.61563	15864.38765	5
655	592	593	28143.80612	15968.90652	5
656	593	594	28155.09384	15968.89878	5
657	606	592	27768.20799	16054.77026	5
658	605	592	27981.1507	16054.77026	5
659	664	662	28889.98841	16704.51125	5
660	664	663	29202.15111	16704.51125	5
661	662	663	28989.97189	16592.01891	5
662	663	661	29415.05185	16590.55935	5
663	662	657	28876.7858	16477.00796	5
664	639	643	29576.64872	16888.5067	5
665	642	639	29446.87027	17056.11709	5
666	641	639	29500.30087	17056.11709	5
667	640	639	29551.15992	17056.11709	5
668	667	643	29761.20617	17114.82187	5
669	667	666	29835.21861	17287.81363	5
670	665	660	30452.23141	16704.51125	5
671	661	660	29824.85089	16583.74315	5
672	661	632	29602.33998	16485.01953	5
673	660	659	30675.09384	16582.34518	5
674	659	658	30778.2874	16485.01953	5
675	659	637	30885.09384	16529.48212	5
676	635	678	30494.67735	16427.39757	5
677	634	678	30548.16534	16427.39757	5
678	633	678	30597.71989	16427.39757	5
679	636	678	30648.58574	16427.39757	5
680	678	658	30675.09384	16322.45735	5
681	677	658	30675.09384	16098.034	5
682	658	681	30885.09384	16100.44629	5
683	658	676	30885.09384	15658.23946	5
684	600	658	30675.09384	15679.4779	5
685	658	673	30885.09384	15263.30245	5
686	546	658	30675.09384	15054.61519	5
687	658	647	30792.58391	15016.02431	5
688	648	647	30675.09384	14910.59061	5
689	647	672	30885.09384	14847.08561	5
690	647	542	30787.99189	14805.01609	5
691	628	648	29824.84993	14914.0253	5
692	648	541	30082.33987	14805.01609	5
693	648	540	29889.27598	14805.01609	5
694	628	539	29668.44595	14805.01609	5
695	629	628	29537.6364	14914.55433	5
696	649	628	29668.37056	15012.4398	5
697	649	545	29824.84993	15048.03322	5
698	629	538	29455.54166	14805.01609	5
699	629	537	29240.97878	14805.01609	5
700	629	536	29035.00022	14805.01609	5
701	629	535	28825.27645	14805.01609	5
702	608	629	28796.67767	14913.00896	5
703	608	534	28615.28759	14805.01609	5
704	609	608	28576.48265	14908.4001	5
705	567	608	28685.1626	15012.4398	5
706	609	533	28191.55396	14805.01609	5
707	610	609	28143.80612	14913.67193	5
708	610	532	27983.66534	14805.01609	5
709	575	610	28046.48865	15015.0013	5
710	612	610	27940.23398	14913.28559	5
711	612	603	27822.33024	14805.01609	5
712	575	612	27831.39171	15015.0013	5
713	611	612	27735.01722	14889.70082	5
714	602	603	27735.01722	14585.33909	5
715	611	602	27509.63396	14805.01609	5
716	544	614	27178.8004	15058.61728	5
717	614	613	27304.63179	15114.70267	5
718	614	618	27236.95945	15214.77562	5
719	613	575	27735.01722	15108.49123	5
720	548	618	27178.8004	15259.41681	5
721	551	618	27178.8004	15468.58734	5
722	620	618	27241.59914	15644.64489	5
723	591	620	27246.92464	15844.444	5
724	621	620	27178.8004	15753.64873	5
725	573	621	27128.8004	15808.06726	5
726	557	621	27128.8004	15675.02654	5
727	574	573	26952.47189	15819.18203	5
728	561	573	26952.47189	15765.93465	5
729	558	557	26952.47189	15714.08153	5
730	552	557	26952.47189	15668.24972	5
731	599	591	27178.8004	15884.52519	5
732	607	591	27263.37829	16054.77562	5
733	556	550	27393.26867	15632.21465	5
734	555	550	27444.45944	15632.21465	5
735	554	550	27495.1001	15632.21465	5
736	565	577	27390.12318	15798.67806	5
737	564	577	27438.04442	15798.67806	5
738	563	577	27490.56352	15798.67806	5
739	578	576	27637.43575	15830.1908	5
740	576	622	27699.85441	15864.38765	5
741	553	576	27689.98115	15715.44635	5
742	549	575	27735.01722	15270.37678	5
743	575	589	28143.80612	15690.27061	5
744	566	567	28576.48265	15681.23529	5
745	609	616	28188.03832	15013.76935	5
746	615	609	28525.22976	15013.76935	5
747	631	594	28363.09259	16054.77562	5
748	594	595	28542.35358	15960.03409	5
749	595	596	28576.48265	15959.08438	5
750	596	623	28785.09384	15952.92107	5
751	580	596	28674.45177	15866.00762	5
752	623	624	28862.12272	15951.44569	5
753	567	580	28677.08364	15836.93499	5
754	580	623	28785.09384	15850.2056	5
755	567	568	28796.67767	15682.48552	5
756	604	657	28785.09384	16093.6863	5
757	623	657	28828.36163	16062.35133	5
758	624	657	28934.10072	16062.35133	5
759	568	623	28821.6251	15836.93499	5
760	624	625	28989.97189	15948.76687	5
761	625	626	29409.97628	15950.24695	5
762	626	632	29522.21573	16062.35133	5
763	626	630	29603.29324	15945.95915	5
764	630	632	29709.53533	16062.35133	5
765	630	655	29716.6848	15836.93499	5
766	653	655	29714.49312	15613.03522	5
767	653	652	29824.84993	15529.45659	5
768	650	653	29713.86422	15434.01474	5
769	649	650	29712.08013	15381.89013	5
770	649	619	29589.43504	15381.89013	5
771	568	617	28829.08295	15470.87318	5
772	560	570	29060.18801	15775.18174	5
773	559	569	29344.78203	15773.57448	5
774	571	560	28997.80099	15372.38417	5
775	560	572	29115.13323	15372.38417	5
776	572	559	29285.06142	15369.09891	5
777	559	562	29402.52741	15366.90907	5
778	632	679	29824.85089	16109.81646	5
779	630	675	29824.85089	15883.2726	5
780	655	674	29824.85089	15682.93311	5
781	649	547	29824.84993	15260.50988	5
782	660	680	30424.15349	16485.01953	5
783	584	566	28393.99548	15807.64148	5
784	583	566	28450.34102	15807.64148	5
785	582	566	28497.93395	15807.64148	5
786	581	566	28550.99781	15807.64148	5
787	550	553	27520.22353	15599.37562	5
788	577	578	27520.22353	15832.94702	5
789	663	627	29201.85322	16478.40923	5
790	627	625	29205.49408	16062.35133	5
791	819	794	27944.9419	16833.94044	6
792	794	781	28355.76316	16477.00796	6
793	820	818	28542.35358	17284.06024	6
794	818	817	29415.05185	17285.05605	6
795	796	814	28948.09664	16894.45355	6
796	795	814	29038.93805	16894.45355	6
797	788	812	28785.09384	16513.06085	6
798	751	772	27623.0454	16054.77026	6
799	747	772	27525.09384	16006.11864	6
800	740	772	27525.09384	15915.66755	6
801	772	742	27735.01722	15947.0226	6
802	742	725	27932.61563	15864.38765	6
803	742	743	28143.80612	15968.90652	6
804	743	744	28155.09384	15968.89878	6
805	756	742	27768.20799	16054.77026	6
806	755	742	27981.1507	16054.77026	6
807	814	812	28889.98841	16704.51125	6
808	814	813	29202.15111	16704.51125	6
809	812	813	28989.97189	16592.01891	6
810	813	811	29415.05185	16590.55935	6
811	812	807	28876.7858	16477.00796	6
812	789	793	29576.64872	16888.5067	6
813	792	789	29446.87027	17056.11709	6
814	791	789	29500.30087	17056.11709	6
815	790	789	29551.15992	17056.11709	6
816	817	793	29761.20617	17114.82187	6
817	817	816	29835.21861	17287.81363	6
818	815	810	30452.23141	16704.51125	6
819	811	810	29824.85089	16583.74315	6
820	811	782	29602.33998	16485.01953	6
821	810	809	30675.09384	16582.34518	6
822	809	808	30778.2874	16485.01953	6
823	809	787	30885.09384	16529.48212	6
824	785	828	30494.67735	16427.39757	6
825	784	828	30548.16534	16427.39757	6
826	783	828	30597.71989	16427.39757	6
827	786	828	30648.58574	16427.39757	6
828	828	808	30675.09384	16322.45735	6
829	827	808	30675.09384	16098.034	6
830	808	831	30885.09384	16100.44629	6
831	808	826	30885.09384	15658.23946	6
832	750	808	30675.09384	15679.4779	6
833	808	823	30885.09384	15263.30245	6
834	696	808	30675.09384	15054.61519	6
835	808	797	30792.58391	15016.02431	6
836	798	797	30675.09384	14910.59061	6
837	797	822	30885.09384	14847.08561	6
838	797	692	30787.99189	14805.01609	6
839	778	798	29824.84993	14914.0253	6
840	798	691	30082.33987	14805.01609	6
841	798	690	29889.27598	14805.01609	6
842	778	689	29668.44595	14805.01609	6
843	779	778	29537.6364	14914.55433	6
844	799	778	29668.37056	15012.4398	6
845	799	695	29824.84993	15048.03322	6
846	779	688	29455.54166	14805.01609	6
847	779	687	29240.97878	14805.01609	6
848	779	686	29035.00022	14805.01609	6
849	779	685	28825.27645	14805.01609	6
850	758	779	28796.67767	14913.00896	6
851	758	684	28615.28759	14805.01609	6
852	759	758	28576.48265	14908.4001	6
853	717	758	28685.1626	15012.4398	6
854	759	683	28191.55396	14805.01609	6
855	760	759	28143.80612	14913.67193	6
856	760	682	27983.66534	14805.01609	6
857	725	760	28046.48865	15015.0013	6
858	762	760	27940.23398	14913.28559	6
859	762	753	27822.33024	14805.01609	6
860	725	762	27831.39171	15015.0013	6
861	761	762	27735.01722	14889.70082	6
862	752	753	27735.01722	14585.33909	6
863	761	752	27509.63396	14805.01609	6
864	694	764	27178.8004	15058.61728	6
865	764	763	27304.63179	15114.70267	6
866	764	768	27236.95945	15214.77562	6
867	763	725	27735.01722	15108.49123	6
868	698	768	27178.8004	15259.41681	6
869	701	768	27178.8004	15468.58734	6
870	770	768	27241.59914	15644.64489	6
871	741	770	27246.92464	15844.444	6
872	771	770	27178.8004	15753.64873	6
873	723	771	27128.8004	15808.06726	6
874	707	771	27128.8004	15675.02654	6
875	724	723	26952.47189	15819.18203	6
876	711	723	26952.47189	15765.93465	6
877	708	707	26952.47189	15714.08153	6
878	702	707	26952.47189	15668.24972	6
879	749	741	27178.8004	15884.52519	6
880	757	741	27263.37829	16054.77562	6
881	706	700	27393.26867	15632.21465	6
882	705	700	27444.45944	15632.21465	6
883	704	700	27495.1001	15632.21465	6
884	715	727	27390.12318	15798.67806	6
885	714	727	27438.04442	15798.67806	6
886	713	727	27490.56352	15798.67806	6
887	728	726	27637.43575	15830.1908	6
888	726	772	27699.85441	15864.38765	6
889	703	726	27689.98115	15715.44635	6
890	699	725	27735.01722	15270.37678	6
891	725	739	28143.80612	15690.27061	6
892	716	717	28576.48265	15681.23529	6
893	759	766	28188.03832	15013.76935	6
894	765	759	28525.22976	15013.76935	6
895	781	744	28363.09259	16054.77562	6
896	744	745	28542.35358	15960.03409	6
897	745	746	28576.48265	15959.08438	6
898	746	773	28785.09384	15952.92107	6
899	730	746	28674.45177	15866.00762	6
900	773	774	28862.12272	15951.44569	6
901	717	730	28677.08364	15836.93499	6
902	730	773	28785.09384	15850.2056	6
903	717	718	28796.67767	15682.48552	6
904	754	807	28785.09384	16093.6863	6
905	773	807	28828.36163	16062.35133	6
906	774	807	28934.10072	16062.35133	6
907	718	773	28821.6251	15836.93499	6
908	774	775	28989.97189	15948.76687	6
909	775	776	29409.97628	15950.24695	6
910	776	782	29522.21573	16062.35133	6
911	776	780	29603.29324	15945.95915	6
912	780	782	29709.53533	16062.35133	6
913	780	805	29716.6848	15836.93499	6
914	803	805	29714.49312	15613.03522	6
915	803	802	29824.84993	15529.45659	6
916	800	803	29713.86422	15434.01474	6
917	799	800	29712.08013	15381.89013	6
918	799	769	29589.43504	15381.89013	6
919	718	767	28829.08295	15470.87318	6
920	710	720	29060.18801	15775.18174	6
921	709	719	29344.78203	15773.57448	6
922	721	710	28997.80099	15372.38417	6
923	710	722	29115.13323	15372.38417	6
924	722	709	29285.06142	15369.09891	6
925	709	712	29402.52741	15366.90907	6
926	782	829	29824.85089	16109.81646	6
927	780	825	29824.85089	15883.2726	6
928	805	824	29824.85089	15682.93311	6
929	799	697	29824.84993	15260.50988	6
930	810	830	30424.15349	16485.01953	6
931	734	716	28393.99548	15807.64148	6
932	733	716	28450.34102	15807.64148	6
933	732	716	28497.93395	15807.64148	6
934	731	716	28550.99781	15807.64148	6
935	700	703	27520.22353	15599.37562	6
936	727	728	27520.22353	15832.94702	6
937	813	777	29201.85322	16478.40923	6
938	777	775	29205.49408	16062.35133	6
939	969	944	27944.9419	16833.94044	7
940	944	931	28355.76316	16477.00796	7
941	970	968	28542.35358	17284.06024	7
942	968	967	29415.05185	17285.05605	7
943	946	964	28948.09664	16894.45355	7
944	945	964	29038.93805	16894.45355	7
945	938	962	28785.09384	16513.06085	7
946	901	922	27623.0454	16054.77026	7
947	897	922	27525.09384	16006.11864	7
948	890	922	27525.09384	15915.66755	7
949	922	892	27735.01722	15947.0226	7
950	892	875	27932.61563	15864.38765	7
951	892	893	28143.80612	15968.90652	7
952	893	894	28155.09384	15968.89878	7
953	906	892	27768.20799	16054.77026	7
954	905	892	27981.1507	16054.77026	7
955	964	962	28889.98841	16704.51125	7
956	964	963	29202.15111	16704.51125	7
957	962	963	28989.97189	16592.01891	7
958	963	961	29415.05185	16590.55935	7
959	962	957	28876.7858	16477.00796	7
960	939	943	29576.64872	16888.5067	7
961	942	939	29446.87027	17056.11709	7
962	941	939	29500.30087	17056.11709	7
963	940	939	29551.15992	17056.11709	7
964	967	943	29761.20617	17114.82187	7
965	967	966	29835.21861	17287.81363	7
966	965	960	30452.23141	16704.51125	7
967	961	960	29824.85089	16583.74315	7
968	961	932	29602.33998	16485.01953	7
969	960	959	30675.09384	16582.34518	7
970	959	958	30778.2874	16485.01953	7
971	959	937	30885.09384	16529.48212	7
972	935	978	30494.67735	16427.39757	7
973	934	978	30548.16534	16427.39757	7
974	933	978	30597.71989	16427.39757	7
975	936	978	30648.58574	16427.39757	7
976	978	958	30675.09384	16322.45735	7
977	977	958	30675.09384	16098.034	7
978	958	981	30885.09384	16100.44629	7
979	958	976	30885.09384	15658.23946	7
980	900	958	30675.09384	15679.4779	7
981	958	973	30885.09384	15263.30245	7
982	846	958	30675.09384	15054.61519	7
983	958	947	30792.58391	15016.02431	7
984	948	947	30675.09384	14910.59061	7
985	947	972	30885.09384	14847.08561	7
986	947	842	30787.99189	14805.01609	7
987	928	948	29824.84993	14914.0253	7
988	948	841	30082.33987	14805.01609	7
989	948	840	29889.27598	14805.01609	7
990	928	839	29668.44595	14805.01609	7
991	929	928	29537.6364	14914.55433	7
992	949	928	29668.37056	15012.4398	7
993	949	845	29824.84993	15048.03322	7
994	929	838	29455.54166	14805.01609	7
995	929	837	29240.97878	14805.01609	7
996	929	836	29035.00022	14805.01609	7
997	929	835	28825.27645	14805.01609	7
998	908	929	28796.67767	14913.00896	7
999	908	834	28615.28759	14805.01609	7
1000	909	908	28576.48265	14908.4001	7
1001	867	908	28685.1626	15012.4398	7
1002	909	833	28191.55396	14805.01609	7
1003	910	909	28143.80612	14913.67193	7
1004	910	832	27983.66534	14805.01609	7
1005	875	910	28046.48865	15015.0013	7
1006	912	910	27940.23398	14913.28559	7
1007	912	903	27822.33024	14805.01609	7
1008	875	912	27831.39171	15015.0013	7
1009	911	912	27735.01722	14889.70082	7
1010	902	903	27735.01722	14585.33909	7
1011	911	902	27509.63396	14805.01609	7
1012	844	914	27178.8004	15058.61728	7
1013	914	913	27304.63179	15114.70267	7
1014	914	918	27236.95945	15214.77562	7
1015	913	875	27735.01722	15108.49123	7
1016	848	918	27178.8004	15259.41681	7
1017	851	918	27178.8004	15468.58734	7
1018	920	918	27241.59914	15644.64489	7
1019	891	920	27246.92464	15844.444	7
1020	921	920	27178.8004	15753.64873	7
1021	873	921	27128.8004	15808.06726	7
1022	857	921	27128.8004	15675.02654	7
1023	874	873	26952.47189	15819.18203	7
1024	861	873	26952.47189	15765.93465	7
1025	858	857	26952.47189	15714.08153	7
1026	852	857	26952.47189	15668.24972	7
1027	899	891	27178.8004	15884.52519	7
1028	907	891	27263.37829	16054.77562	7
1029	856	850	27393.26867	15632.21465	7
1030	855	850	27444.45944	15632.21465	7
1031	854	850	27495.1001	15632.21465	7
1032	865	877	27390.12318	15798.67806	7
1033	864	877	27438.04442	15798.67806	7
1034	863	877	27490.56352	15798.67806	7
1035	878	876	27637.43575	15830.1908	7
1036	876	922	27699.85441	15864.38765	7
1037	853	876	27689.98115	15715.44635	7
1038	849	875	27735.01722	15270.37678	7
1039	875	889	28143.80612	15690.27061	7
1040	866	867	28576.48265	15681.23529	7
1041	909	916	28188.03832	15013.76935	7
1042	915	909	28525.22976	15013.76935	7
1043	931	894	28363.09259	16054.77562	7
1044	894	895	28542.35358	15960.03409	7
1045	895	896	28576.48265	15959.08438	7
1046	896	923	28785.09384	15952.92107	7
1047	880	896	28674.45177	15866.00762	7
1048	923	924	28862.12272	15951.44569	7
1049	867	880	28677.08364	15836.93499	7
1050	880	923	28785.09384	15850.2056	7
1051	867	868	28796.67767	15682.48552	7
1052	904	957	28785.09384	16093.6863	7
1053	923	957	28828.36163	16062.35133	7
1054	924	957	28934.10072	16062.35133	7
1055	868	923	28821.6251	15836.93499	7
1056	924	925	28989.97189	15948.76687	7
1057	925	926	29409.97628	15950.24695	7
1058	926	932	29522.21573	16062.35133	7
1059	926	930	29603.29324	15945.95915	7
1060	930	932	29709.53533	16062.35133	7
1061	930	955	29716.6848	15836.93499	7
1062	953	955	29714.49312	15613.03522	7
1063	953	952	29824.84993	15529.45659	7
1064	950	953	29713.86422	15434.01474	7
1065	949	950	29712.08013	15381.89013	7
1066	949	919	29589.43504	15381.89013	7
1067	868	917	28829.08295	15470.87318	7
1068	860	870	29060.18801	15775.18174	7
1069	859	869	29344.78203	15773.57448	7
1070	871	860	28997.80099	15372.38417	7
1071	860	872	29115.13323	15372.38417	7
1072	872	859	29285.06142	15369.09891	7
1073	859	862	29402.52741	15366.90907	7
1074	932	979	29824.85089	16109.81646	7
1075	930	975	29824.85089	15883.2726	7
1076	955	974	29824.85089	15682.93311	7
1077	949	847	29824.84993	15260.50988	7
1078	960	980	30424.15349	16485.01953	7
1079	884	866	28393.99548	15807.64148	7
1080	883	866	28450.34102	15807.64148	7
1081	882	866	28497.93395	15807.64148	7
1082	881	866	28550.99781	15807.64148	7
1083	850	853	27520.22353	15599.37562	7
1084	877	878	27520.22353	15832.94702	7
1085	963	927	29201.85322	16478.40923	7
1086	927	925	29205.49408	16062.35133	7
1087	1119	1094	27944.9419	16833.94044	8
1088	1094	1081	28355.76316	16477.00796	8
1089	1120	1118	28542.35358	17284.06024	8
1090	1118	1117	29415.05185	17285.05605	8
1091	1096	1114	28948.09664	16894.45355	8
1092	1095	1114	29038.93805	16894.45355	8
1093	1088	1112	28785.09384	16513.06085	8
1094	1051	1072	27623.0454	16054.77026	8
1095	1047	1072	27525.09384	16006.11864	8
1096	1040	1072	27525.09384	15915.66755	8
1097	1072	1042	27735.01722	15947.0226	8
1098	1042	1025	27932.61563	15864.38765	8
1099	1042	1043	28143.80612	15968.90652	8
1100	1043	1044	28155.09384	15968.89878	8
1101	1056	1042	27768.20799	16054.77026	8
1102	1055	1042	27981.1507	16054.77026	8
1103	1114	1112	28889.98841	16704.51125	8
1104	1114	1113	29202.15111	16704.51125	8
1105	1112	1113	28989.97189	16592.01891	8
1106	1113	1111	29415.05185	16590.55935	8
1107	1112	1107	28876.7858	16477.00796	8
1108	1089	1093	29576.64872	16888.5067	8
1109	1092	1089	29446.87027	17056.11709	8
1110	1091	1089	29500.30087	17056.11709	8
1111	1090	1089	29551.15992	17056.11709	8
1112	1117	1093	29761.20617	17114.82187	8
1113	1117	1116	29835.21861	17287.81363	8
1114	1115	1110	30452.23141	16704.51125	8
1115	1111	1110	29824.85089	16583.74315	8
1116	1111	1082	29602.33998	16485.01953	8
1117	1110	1109	30675.09384	16582.34518	8
1118	1109	1108	30778.2874	16485.01953	8
1119	1109	1087	30885.09384	16529.48212	8
1120	1085	1128	30494.67735	16427.39757	8
1121	1084	1128	30548.16534	16427.39757	8
1122	1083	1128	30597.71989	16427.39757	8
1123	1086	1128	30648.58574	16427.39757	8
1124	1128	1108	30675.09384	16322.45735	8
1125	1127	1108	30675.09384	16098.034	8
1126	1108	1131	30885.09384	16100.44629	8
1127	1108	1126	30885.09384	15658.23946	8
1128	1050	1108	30675.09384	15679.4779	8
1129	1108	1123	30885.09384	15263.30245	8
1130	996	1108	30675.09384	15054.61519	8
1131	1108	1097	30792.58391	15016.02431	8
1132	1098	1097	30675.09384	14910.59061	8
1133	1097	1122	30885.09384	14847.08561	8
1134	1097	992	30787.99189	14805.01609	8
1135	1078	1098	29824.84993	14914.0253	8
1136	1098	991	30082.33987	14805.01609	8
1137	1098	990	29889.27598	14805.01609	8
1138	1078	989	29668.44595	14805.01609	8
1139	1079	1078	29537.6364	14914.55433	8
1140	1099	1078	29668.37056	15012.4398	8
1141	1099	995	29824.84993	15048.03322	8
1142	1079	988	29455.54166	14805.01609	8
1143	1079	987	29240.97878	14805.01609	8
1144	1079	986	29035.00022	14805.01609	8
1145	1079	985	28825.27645	14805.01609	8
1146	1058	1079	28796.67767	14913.00896	8
1147	1058	984	28615.28759	14805.01609	8
1148	1059	1058	28576.48265	14908.4001	8
1149	1017	1058	28685.1626	15012.4398	8
1150	1059	983	28191.55396	14805.01609	8
1151	1060	1059	28143.80612	14913.67193	8
1152	1060	982	27983.66534	14805.01609	8
1153	1025	1060	28046.48865	15015.0013	8
1154	1062	1060	27940.23398	14913.28559	8
1155	1062	1053	27822.33024	14805.01609	8
1156	1025	1062	27831.39171	15015.0013	8
1157	1061	1062	27735.01722	14889.70082	8
1158	1052	1053	27735.01722	14585.33909	8
1159	1061	1052	27509.63396	14805.01609	8
1160	994	1064	27178.8004	15058.61728	8
1161	1064	1063	27304.63179	15114.70267	8
1162	1064	1068	27236.95945	15214.77562	8
1163	1063	1025	27735.01722	15108.49123	8
1164	998	1068	27178.8004	15259.41681	8
1165	1001	1068	27178.8004	15468.58734	8
1166	1070	1068	27241.59914	15644.64489	8
1167	1041	1070	27246.92464	15844.444	8
1168	1071	1070	27178.8004	15753.64873	8
1169	1023	1071	27128.8004	15808.06726	8
1170	1007	1071	27128.8004	15675.02654	8
1171	1024	1023	26952.47189	15819.18203	8
1172	1011	1023	26952.47189	15765.93465	8
1173	1008	1007	26952.47189	15714.08153	8
1174	1002	1007	26952.47189	15668.24972	8
1175	1049	1041	27178.8004	15884.52519	8
1176	1057	1041	27263.37829	16054.77562	8
1177	1006	1000	27393.26867	15632.21465	8
1178	1005	1000	27444.45944	15632.21465	8
1179	1004	1000	27495.1001	15632.21465	8
1180	1015	1027	27390.12318	15798.67806	8
1181	1014	1027	27438.04442	15798.67806	8
1182	1013	1027	27490.56352	15798.67806	8
1183	1028	1026	27637.43575	15830.1908	8
1184	1026	1072	27699.85441	15864.38765	8
1185	1003	1026	27689.98115	15715.44635	8
1186	999	1025	27735.01722	15270.37678	8
1187	1025	1039	28143.80612	15690.27061	8
1188	1016	1017	28576.48265	15681.23529	8
1189	1059	1066	28188.03832	15013.76935	8
1190	1065	1059	28525.22976	15013.76935	8
1191	1081	1044	28363.09259	16054.77562	8
1192	1044	1045	28542.35358	15960.03409	8
1193	1045	1046	28576.48265	15959.08438	8
1194	1046	1073	28785.09384	15952.92107	8
1195	1030	1046	28674.45177	15866.00762	8
1196	1073	1074	28862.12272	15951.44569	8
1197	1017	1030	28677.08364	15836.93499	8
1198	1030	1073	28785.09384	15850.2056	8
1199	1017	1018	28796.67767	15682.48552	8
1200	1054	1107	28785.09384	16093.6863	8
1201	1073	1107	28828.36163	16062.35133	8
1202	1074	1107	28934.10072	16062.35133	8
1203	1018	1073	28821.6251	15836.93499	8
1204	1074	1075	28989.97189	15948.76687	8
1205	1075	1076	29409.97628	15950.24695	8
1206	1076	1082	29522.21573	16062.35133	8
1207	1076	1080	29603.29324	15945.95915	8
1208	1080	1082	29709.53533	16062.35133	8
1209	1080	1105	29716.6848	15836.93499	8
1210	1103	1105	29714.49312	15613.03522	8
1211	1103	1102	29824.84993	15529.45659	8
1212	1100	1103	29713.86422	15434.01474	8
1213	1099	1100	29712.08013	15381.89013	8
1214	1099	1069	29589.43504	15381.89013	8
1215	1018	1067	28829.08295	15470.87318	8
1216	1010	1020	29060.18801	15775.18174	8
1217	1009	1019	29344.78203	15773.57448	8
1218	1021	1010	28997.80099	15372.38417	8
1219	1010	1022	29115.13323	15372.38417	8
1220	1022	1009	29285.06142	15369.09891	8
1221	1009	1012	29402.52741	15366.90907	8
1222	1082	1129	29824.85089	16109.81646	8
1223	1080	1125	29824.85089	15883.2726	8
1224	1105	1124	29824.85089	15682.93311	8
1225	1099	997	29824.84993	15260.50988	8
1226	1110	1130	30424.15349	16485.01953	8
1227	1034	1016	28393.99548	15807.64148	8
1228	1033	1016	28450.34102	15807.64148	8
1229	1032	1016	28497.93395	15807.64148	8
1230	1031	1016	28550.99781	15807.64148	8
1231	1000	1003	27520.22353	15599.37562	8
1232	1027	1028	27520.22353	15832.94702	8
1233	1113	1077	29201.85322	16478.40923	8
1234	1077	1075	29205.49408	16062.35133	8
1235	569	719	0	0	15
1236	570	720	0	0	15
1237	581	731	0	0	15
1238	582	732	0	0	15
1239	583	733	0	0	15
1240	584	734	0	0	15
1241	590	740	0	0	15
1242	597	747	0	0	15
1243	601	751	0	0	15
1244	617	767	0	0	15
1245	619	769	0	0	15
1246	633	783	0	0	15
1247	634	784	0	0	15
1248	635	785	0	0	15
1249	636	786	0	0	15
1250	640	790	0	0	15
1251	641	791	0	0	15
1252	642	792	0	0	15
1253	651	801	0	0	15
1254	654	804	0	0	15
1255	656	806	0	0	15
1256	719	869	0	0	16
1257	720	870	0	0	16
1258	731	881	0	0	16
1259	732	882	0	0	16
1260	733	883	0	0	16
1261	734	884	0	0	16
1262	740	890	0	0	16
1263	747	897	0	0	16
1264	751	901	0	0	16
1265	767	917	0	0	16
1266	769	919	0	0	16
1267	783	933	0	0	16
1268	784	934	0	0	16
1269	785	935	0	0	16
1270	786	936	0	0	16
1271	790	940	0	0	16
1272	791	941	0	0	16
1273	792	942	0	0	16
1274	801	951	0	0	16
1275	804	954	0	0	16
1276	806	956	0	0	16
1277	869	1019	0	0	17
1278	870	1020	0	0	17
1279	881	1031	0	0	17
1280	882	1032	0	0	17
1281	883	1033	0	0	17
1282	884	1034	0	0	17
1283	890	1040	0	0	17
1284	897	1047	0	0	17
1285	901	1051	0	0	17
1286	917	1067	0	0	17
1287	919	1069	0	0	17
1288	933	1083	0	0	17
1289	934	1084	0	0	17
1290	935	1085	0	0	17
1291	936	1086	0	0	17
1292	940	1090	0	0	17
1293	941	1091	0	0	17
1294	942	1092	0	0	17
1295	951	1101	0	0	17
1296	954	1104	0	0	17
1297	956	1106	0	0	17
1298	465	601	0	0	14
1299	493	617	0	0	14
1300	524	619	0	0	14
1301	427	569	0	0	14
1302	429	570	0	0	14
1303	440	590	0	0	14
1304	441	597	0	0	14
1305	435	581	0	0	14
1306	436	582	0	0	14
1307	437	583	0	0	14
1308	438	584	0	0	14
1309	470	633	0	0	14
1310	471	634	0	0	14
1311	472	635	0	0	14
1312	473	636	0	0	14
1313	499	640	0	0	14
1314	500	641	0	0	14
1315	501	642	0	0	14